contractSymbol,lastTradeDate,strike,lastPrice,bid,ask,change,percentChange,volume,openInterest,impliedVolatility,inTheMoney,contractSize,currency,expiration
AMZN251024P00120000,2025-10-23 16:24:12+00:00,120.0,0.01,0.0,0.01,0.0,0.0,15.0,128,2.56250359375,False,REGULAR,USD,2025-10-24
AMZN251024P00125000,2025-10-17 18:36:38+00:00,125.0,0.01,0.0,0.01,0.0,0.0,1.0,29,2.3750040624999995,False,REGULAR,USD,2025-10-24
AMZN251024P00130000,2025-10-20 13:39:17+00:00,130.0,0.01,0.0,0.01,0.0,0.0,2.0,1937,2.2500043749999996,False,REGULAR,USD,2025-10-24
AMZN251024P00135000,2025-10-20 13:31:51+00:00,135.0,0.01,0.0,0.01,0.0,0.0,54.0,1469,2.0625048437499998,False,REGULAR,USD,2025-10-24
AMZN251024P00140000,2025-10-17 19:08:46+00:00,140.0,0.01,0.0,0.01,0.0,0.0,291.0,379,1.9375003125,False,REGULAR,USD,2025-10-24
AMZN251024P00145000,2025-10-20 18:31:39+00:00,145.0,0.01,0.0,0.01,0.0,0.0,98.0,175,1.8125009374999999,False,REGULAR,USD,2025-10-24
AMZN251024P00150000,2025-10-20 19:30:20+00:00,150.0,0.01,0.0,0.01,0.0,0.0,86.0,1301,1.6875015625,False,REGULAR,USD,2025-10-24
AMZN251024P00155000,2025-10-23 13:54:32+00:00,155.0,0.02,0.0,0.01,0.0,0.0,1.0,934,1.5312523437499999,False,REGULAR,USD,2025-10-24
AMZN251024P00160000,2025-10-23 19:19:33+00:00,160.0,0.01,0.0,0.01,0.0,0.0,51.0,543,1.40625296875,False,REGULAR,USD,2025-10-24
AMZN251024P00165000,2025-10-22 19:11:32+00:00,165.0,0.02,0.0,0.01,0.0,0.0,4.0,295,1.2812535937499998,False,REGULAR,USD,2025-10-24
AMZN251024P00170000,2025-10-23 16:53:36+00:00,170.0,0.01,0.0,0.01,0.0,0.0,108.0,9081,1.15625421875,False,REGULAR,USD,2025-10-24
AMZN251024P00175000,2025-10-23 17:20:29+00:00,175.0,0.01,0.0,0.01,0.0,0.0,28.0,6994,1.0312548437500002,False,REGULAR,USD,2025-10-24
AMZN251024P00180000,2025-10-23 19:35:18+00:00,180.0,0.01,0.0,0.01,0.0,0.0,307.0,16082,0.9062509375,False,REGULAR,USD,2025-10-24
AMZN251024P00185000,2025-10-23 19:56:58+00:00,185.0,0.02,0.01,0.02,0.0,0.0,155.0,2184,0.8984385156249999,False,REGULAR,USD,2025-10-24
AMZN251024P00190000,2025-10-23 19:29:14+00:00,190.0,0.01,0.01,0.02,-0.02,-66.66667,319.0,3494,0.773439765625,False,REGULAR,USD,2025-10-24
AMZN251024P00192500,2025-10-23 19:36:12+00:00,192.5,0.01,0.01,0.03,-0.04,-80.00001,88.0,4451,0.73437765625,False,REGULAR,USD,2025-10-24
AMZN251024P00195000,2025-10-23 19:49:09+00:00,195.0,0.01,0.01,0.03,-0.03,-75.0,200.0,7138,0.6718782812500002,False,REGULAR,USD,2025-10-24
AMZN251024P00197500,2025-10-23 19:47:15+00:00,197.5,0.02,0.01,0.04,-0.030000001,-60.0,87.0,1079,0.632816171875,False,REGULAR,USD,2025-10-24
AMZN251024P00200000,2025-10-23 19:56:11+00:00,200.0,0.02,0.02,0.03,-0.06,-75.0,1050.0,11114,0.5664105859375,False,REGULAR,USD,2025-10-24
AMZN251024P00202500,2025-10-23 19:59:48+00:00,202.5,0.04,0.03,0.24,-0.050000004,-55.555557,1542.0,5384,0.648441015625,False,REGULAR,USD,2025-10-24
AMZN251024P00205000,2025-10-23 19:57:03+00:00,205.0,0.04,0.03,0.04,-0.08,-66.66667,1224.0,11749,0.4726615234375,False,REGULAR,USD,2025-10-24
AMZN251024P00207500,2025-10-23 19:59:28+00:00,207.5,0.04,0.04,0.05,-0.15,-78.94737,1227.0,6737,0.41797457031249996,False,REGULAR,USD,2025-10-24
AMZN251024P00210000,2025-10-23 19:59:56+00:00,210.0,0.05,0.05,0.06,-0.25,-83.33333,5906.0,15202,0.36133451171875,False,REGULAR,USD,2025-10-24
AMZN251024P00212500,2025-10-23 19:59:17+00:00,212.5,0.07,0.07,0.08,-0.49,-87.5,4925.0,9551,0.30664755859375,False,REGULAR,USD,2025-10-24
AMZN251024P00215000,2025-10-23 19:59:41+00:00,215.0,0.13,0.13,0.15,-0.97,-88.181816,6909.0,11786,0.26563234375,False,REGULAR,USD,2025-10-24
AMZN251024P00217500,2025-10-23 19:59:20+00:00,217.5,0.4,0.38,0.41,-1.5600001,-79.591835,12695.0,5328,0.24805439453125,False,REGULAR,USD,2025-10-24
AMZN251024P00220000,2025-10-23 19:59:41+00:00,220.0,1.1,1.06,1.1,-2.1999998,-66.666664,14316.0,12303,0.24341576904296874,False,REGULAR,USD,2025-10-24
AMZN251024P00222500,2025-10-23 19:59:41+00:00,222.5,2.32,2.26,2.38,-2.86,-55.212357,1009.0,2716,0.24073024902343748,True,REGULAR,USD,2025-10-24
AMZN251024P00225000,2025-10-23 19:59:27+00:00,225.0,4.15,3.9,4.25,-3.19,-43.46049,778.0,2028,0.24024197265624997,True,REGULAR,USD,2025-10-24
AMZN251024P00227500,2025-10-23 19:59:50+00:00,227.5,6.48,5.85,6.55,-3.1200004,-32.5,99.0,462,0.26416751464843746,True,REGULAR,USD,2025-10-24
AMZN251024P00230000,2025-10-23 19:55:00+00:00,230.0,9.1,8.45,9.25,-3.0699997,-25.225964,1083.0,2567,0.41992767578125,True,REGULAR,USD,2025-10-24
AMZN251024P00232500,2025-10-23 19:54:29+00:00,232.5,11.27,10.7,12.15,-3.2599993,-22.436335,7.0,161,0.6259803027343751,True,REGULAR,USD,2025-10-24
AMZN251024P00235000,2025-10-23 19:10:46+00:00,235.0,14.39,13.8,14.05,-2.7699995,-16.142187,19.0,425,0.47852083984375,True,REGULAR,USD,2025-10-24
AMZN251024P00237500,2025-10-23 14:08:47+00:00,237.5,18.2,15.7,16.55,-1.25,-6.426735,20.0,12,0.5449264257812501,True,REGULAR,USD,2025-10-24
AMZN251024P00240000,2025-10-23 18:01:55+00:00,240.0,19.5,18.25,19.05,-1.6000004,-7.5829396,20.0,2,0.6084023535156251,True,REGULAR,USD,2025-10-24
AMZN251024P00242500,2025-10-21 17:01:36+00:00,242.5,20.45,20.7,22.15,0.0,0.0,4.0,3,0.9575199560546874,True,REGULAR,USD,2025-10-24
AMZN251024P00245000,2025-10-23 19:33:00+00:00,245.0,23.78,23.2,24.05,-2.3400002,-8.9586525,18.0,2,0.7304714453125,True,REGULAR,USD,2025-10-24
AMZN251024P00247500,2025-10-21 18:51:11+00:00,247.5,24.72,25.7,27.15,0.0,0.0,2.0,0,0.585941640625,True,REGULAR,USD,2025-10-24
AMZN251024P00250000,2025-10-23 19:17:28+00:00,250.0,29.35,28.25,29.05,-2.6999989,-8.424334,76.0,2,0.8476577734374999,True,REGULAR,USD,2025-10-24
AMZN251024P00255000,2025-10-17 16:35:58+00:00,255.0,42.3,33.4,34.6,0.0,0.0,1.0,0,0.8984385156249999,True,REGULAR,USD,2025-10-24
AMZN251024P00260000,2025-10-21 15:47:37+00:00,260.0,37.5,38.5,39.6,0.0,0.0,80.0,0,1.0683640332031252,True,REGULAR,USD,2025-10-24
AMZN251024P00265000,2025-09-23 15:02:27+00:00,265.0,41.6,43.4,44.6,0.0,0.0,2.0,0,1.1015669921875002,True,REGULAR,USD,2025-10-24
AMZN251024P00270000,2025-10-14 13:37:21+00:00,270.0,55.25,48.5,49.55,0.0,0.0,5.0,0,1.2382850585937497,True,REGULAR,USD,2025-10-24
AMZN251024P00275000,2025-10-14 13:37:21+00:00,275.0,60.25,53.4,54.6,0.0,0.0,,0,1.2890660546875,True,REGULAR,USD,2025-10-24
AMZN251024P00280000,2025-10-17 19:54:50+00:00,280.0,67.0,58.5,59.55,0.0,0.0,1.0,0,1.4257841210937499,True,REGULAR,USD,2025-10-24
AMZN251024P00300000,2025-10-17 19:54:50+00:00,300.0,87.05,78.5,79.55,0.0,0.0,1.0,0,1.7734386328124998,True,REGULAR,USD,2025-10-24
AMZN251031P00120000,2025-10-22 19:57:09+00:00,120.0,0.01,0.0,0.01,0.0,0.0,41.0,106,1.1875040625,False,REGULAR,USD,2025-10-31
AMZN251031P00125000,2025-10-23 16:52:54+00:00,125.0,0.03,0.0,0.03,0.01,50.0,1.0,29,1.2343788281249999,False,REGULAR,USD,2025-10-31
AMZN251031P00130000,2025-10-23 17:30:02+00:00,130.0,0.01,0.01,0.04,-0.02,-66.66667,316.0,350,1.2109414453124998,False,REGULAR,USD,2025-10-31
AMZN251031P00135000,2025-10-23 16:48:05+00:00,135.0,0.04,0.0,0.05,-0.010000002,-20.000002,1.0,221,1.1328168359375002,False,REGULAR,USD,2025-10-31
AMZN251031P00140000,2025-10-23 16:57:13+00:00,140.0,0.03,0.0,0.06,-0.03,-50.0,3.0,47,1.0703171484375003,False,REGULAR,USD,2025-10-31
AMZN251031P00145000,2025-10-23 16:59:49+00:00,145.0,0.02,0.02,0.04,-0.02,-50.0,22.0,5094,0.9960937890625,False,REGULAR,USD,2025-10-31
AMZN251031P00150000,2025-10-23 18:17:34+00:00,150.0,0.03,0.03,0.06,-0.020000001,-40.000004,2360.0,5484,0.9648441015625,False,REGULAR,USD,2025-10-31
AMZN251031P00155000,2025-10-23 19:55:06+00:00,155.0,0.05,0.02,0.08,-0.029999997,-37.499996,1527.0,2802,0.8984385156249999,False,REGULAR,USD,2025-10-31
AMZN251031P00160000,2025-10-23 18:16:54+00:00,160.0,0.04,0.03,0.08,-0.050000004,-55.555557,75.0,815,0.8359391406249999,False,REGULAR,USD,2025-10-31
AMZN251031P00165000,2025-10-23 19:13:30+00:00,165.0,0.03,0.03,0.09,-0.08,-72.72727,13.0,1042,0.77148666015625,False,REGULAR,USD,2025-10-31
AMZN251031P00170000,2025-10-23 19:58:16+00:00,170.0,0.06,0.06,0.08,-0.06,-50.0,93.0,850,0.7148466015625,False,REGULAR,USD,2025-10-31
AMZN251031P00175000,2025-10-23 19:58:38+00:00,175.0,0.12,0.04,0.12,-0.04,-25.0,95.0,1443,0.6543003320312502,False,REGULAR,USD,2025-10-31
AMZN251031P00180000,2025-10-23 19:50:08+00:00,180.0,0.13,0.1,0.12,-0.11,-45.833336,1115.0,1833,0.6113320117187502,False,REGULAR,USD,2025-10-31
AMZN251031P00185000,2025-10-23 19:53:20+00:00,185.0,0.16,0.16,0.17,-0.21000001,-56.756756,373.0,6322,0.5742230078125,False,REGULAR,USD,2025-10-31
AMZN251031P00190000,2025-10-23 19:59:29+00:00,190.0,0.26,0.27,0.28,-0.35000002,-57.377052,5023.0,7863,0.5468795312500001,False,REGULAR,USD,2025-10-31
AMZN251031P00192500,2025-10-23 19:55:24+00:00,192.5,0.37,0.35,0.39,-0.42000002,-53.164555,969.0,2188,0.5380905566406251,False,REGULAR,USD,2025-10-31
AMZN251031P00195000,2025-10-23 19:59:56+00:00,195.0,0.5,0.49,0.51,-0.55999994,-52.830185,1133.0,11445,0.5307664111328125,False,REGULAR,USD,2025-10-31
AMZN251031P00197500,2025-10-23 19:55:10+00:00,197.5,0.72,0.68,0.71,-0.7099999,-49.650345,546.0,2070,0.5288133056640626,False,REGULAR,USD,2025-10-31
AMZN251031P00200000,2025-10-23 19:59:53+00:00,200.0,0.95,0.94,0.98,-0.84999996,-47.222225,2709.0,12994,0.5280808911132813,False,REGULAR,USD,2025-10-31
AMZN251031P00202500,2025-10-23 19:59:38+00:00,202.5,1.33,1.28,1.35,-1.0299999,-43.644062,1661.0,1541,0.5295457202148439,False,REGULAR,USD,2025-10-31
AMZN251031P00205000,2025-10-23 19:59:29+00:00,205.0,1.78,1.77,1.81,-1.21,-40.468227,3335.0,6326,0.534184345703125,False,REGULAR,USD,2025-10-31
AMZN251031P00207500,2025-10-23 19:59:40+00:00,207.5,2.4,2.25,2.39,-1.3299999,-35.656837,656.0,1611,0.53320779296875,False,REGULAR,USD,2025-10-31
AMZN251031P00210000,2025-10-23 19:59:38+00:00,210.0,3.1,3.0,3.15,-1.48,-32.31441,2218.0,9934,0.5426071130371095,False,REGULAR,USD,2025-10-31
AMZN251031P00212500,2025-10-23 19:59:38+00:00,212.5,3.94,3.85,3.95,-1.6599998,-29.642855,1099.0,2229,0.5463912548828126,False,REGULAR,USD,2025-10-31
AMZN251031P00215000,2025-10-23 19:59:52+00:00,215.0,4.85,4.8,4.9,-1.8499999,-27.611938,3286.0,8487,0.5496871203613283,False,REGULAR,USD,2025-10-31
AMZN251031P00217500,2025-10-23 19:51:40+00:00,217.5,6.0,5.85,5.95,-1.9499998,-24.528301,749.0,2330,0.5505416040039064,False,REGULAR,USD,2025-10-31
AMZN251031P00220000,2025-10-23 19:59:39+00:00,220.0,7.11,7.05,7.15,-2.0499997,-22.37991,2543.0,7302,0.5526167785644531,False,REGULAR,USD,2025-10-31
AMZN251031P00222500,2025-10-23 19:59:49+00:00,222.5,8.4,8.3,8.45,-2.5900002,-23.56688,348.0,1328,0.5507857421875001,True,REGULAR,USD,2025-10-31
AMZN251031P00225000,2025-10-23 19:59:52+00:00,225.0,9.8,9.7,9.9,-2.3999996,-19.672129,387.0,2434,0.5504195349121095,True,REGULAR,USD,2025-10-31
AMZN251031P00227500,2025-10-23 19:59:54+00:00,227.5,11.3,10.95,11.6,-2.5500002,-18.411552,96.0,335,0.5444381494140625,True,REGULAR,USD,2025-10-31
AMZN251031P00230000,2025-10-23 19:39:42+00:00,230.0,12.95,12.85,13.05,-2.4700003,-16.01816,236.0,3359,0.5443160803222657,True,REGULAR,USD,2025-10-31
AMZN251031P00232500,2025-10-23 19:59:54+00:00,232.5,14.69,14.1,14.85,-3.4100008,-18.839783,63.0,251,0.5222215747070311,True,REGULAR,USD,2025-10-31
AMZN251031P00235000,2025-10-23 19:55:08+00:00,235.0,16.8,15.85,17.25,-2.630001,-13.535775,222.0,1003,0.5373581420898439,True,REGULAR,USD,2025-10-31
AMZN251031P00237500,2025-10-23 15:16:18+00:00,237.5,19.4,17.75,18.6,-0.6499996,-3.2418935,28.0,57,0.5432174584960938,True,REGULAR,USD,2025-10-31
AMZN251031P00240000,2025-10-23 18:36:51+00:00,240.0,21.05,20.0,20.9,-2.1500015,-9.267247,996.0,522,0.5188036401367188,True,REGULAR,USD,2025-10-31
AMZN251031P00242500,2025-10-21 16:11:32+00:00,242.5,22.0,22.0,22.8,0.0,0.0,10.0,16,0.5422409057617189,True,REGULAR,USD,2025-10-31
AMZN251031P00245000,2025-10-23 19:46:31+00:00,245.0,24.73,24.25,24.95,-2.5200005,-9.247708,51.0,57,0.534184345703125,True,REGULAR,USD,2025-10-31
AMZN251031P00247500,2025-10-22 16:30:36+00:00,247.5,29.45,26.6,27.25,0.0,0.0,1.0,20,0.5393112475585939,True,REGULAR,USD,2025-10-31
AMZN251031P00250000,2025-10-23 19:40:51+00:00,250.0,29.55,28.7,29.55,-2.3100014,-7.250475,66.0,158,0.5371140039062501,True,REGULAR,USD,2025-10-31
AMZN251031P00255000,2025-10-23 14:34:53+00:00,255.0,34.25,33.85,34.35,-4.5999985,-11.840408,11.0,88,0.5551802294921876,True,REGULAR,USD,2025-10-31
AMZN251031P00260000,2025-10-23 14:29:38+00:00,260.0,40.18,38.15,39.1,-1.7299995,-4.127892,8.0,33,0.5283250292968751,True,REGULAR,USD,2025-10-31
AMZN251031P00265000,2025-10-23 19:25:10+00:00,265.0,44.09,42.9,44.05,-2.3499985,-5.06029,2.0,19,0.55273884765625,True,REGULAR,USD,2025-10-31
AMZN251031P00270000,2025-10-22 15:03:42+00:00,270.0,51.99,48.0,49.8,0.0,0.0,6.0,0,0.8359391406249999,True,REGULAR,USD,2025-10-31
AMZN251031P00275000,2025-10-23 19:17:28+00:00,275.0,54.35,52.9,54.9,-1.920002,-3.4121237,31.0,14,0.9145516357421876,True,REGULAR,USD,2025-10-31
AMZN251031P00280000,2025-10-10 18:32:43+00:00,280.0,61.35,58.0,59.8,0.0,0.0,,0,0.9492192578124999,True,REGULAR,USD,2025-10-31
AMZN251031P00300000,2025-10-10 15:37:08+00:00,300.0,80.25,78.0,79.8,0.0,0.0,2.0,0,1.1557659399414062,True,REGULAR,USD,2025-10-31
AMZN251107P00120000,2025-10-22 18:44:38+00:00,120.0,0.04,0.0,0.06,0.0,0.0,3.0,38,1.0546922265625,False,REGULAR,USD,2025-11-07
AMZN251107P00125000,2025-10-23 16:15:09+00:00,125.0,0.05,0.01,0.06,-0.009999998,-16.666662,22.0,4,1.0039112304687499,False,REGULAR,USD,2025-11-07
AMZN251107P00130000,2025-10-22 16:29:35+00:00,130.0,0.04,0.01,0.07,0.0,0.0,4.0,12,0.9531254687499999,False,REGULAR,USD,2025-11-07
AMZN251107P00135000,2025-10-22 14:57:25+00:00,135.0,0.04,0.01,0.07,0.0,0.0,1.0,2,0.8906260937499999,False,REGULAR,USD,2025-11-07
AMZN251107P00140000,2025-10-22 16:26:23+00:00,140.0,0.05,0.01,0.08,0.0,0.0,6.0,10,0.8398453515625,False,REGULAR,USD,2025-11-07
AMZN251107P00145000,2025-10-23 18:25:38+00:00,145.0,0.04,0.05,0.09,-0.050000004,-55.555557,2.0,458,0.8203142968749999,False,REGULAR,USD,2025-11-07
AMZN251107P00150000,2025-10-23 14:51:30+00:00,150.0,0.08,0.07,0.29,0.009999998,14.285711,100.0,399,0.85937640625,False,REGULAR,USD,2025-11-07
AMZN251107P00155000,2025-10-23 16:15:45+00:00,155.0,0.07,0.08,0.11,-0.059999995,-46.153843,210.0,704,0.72851833984375,False,REGULAR,USD,2025-11-07
AMZN251107P00160000,2025-10-23 14:07:42+00:00,160.0,0.09,0.05,0.12,-0.049999997,-35.714283,4.0,365,0.6601596484375001,False,REGULAR,USD,2025-11-07
AMZN251107P00165000,2025-10-23 19:49:54+00:00,165.0,0.12,0.07,0.14,-0.050000004,-29.411768,11.0,667,0.6210975390625001,False,REGULAR,USD,2025-11-07
AMZN251107P00170000,2025-10-23 19:24:19+00:00,170.0,0.13,0.11,0.14,-0.09,-40.909092,5.0,223,0.57812921875,False,REGULAR,USD,2025-11-07
AMZN251107P00175000,2025-10-23 19:27:07+00:00,175.0,0.17,0.15,0.18,-0.11999999,-41.379307,36.0,737,0.543949873046875,False,REGULAR,USD,2025-11-07
AMZN251107P00180000,2025-10-23 19:19:26+00:00,180.0,0.24,0.21,0.24,-0.2,-45.454544,44.0,1459,0.5117236328125,False,REGULAR,USD,2025-11-07
AMZN251107P00185000,2025-10-23 19:53:20+00:00,185.0,0.33,0.32,0.34,-0.33,-49.999996,71.0,1871,0.48828636718750007,False,REGULAR,USD,2025-11-07
AMZN251107P00190000,2025-10-23 19:57:33+00:00,190.0,0.54,0.51,0.54,-0.48999995,-47.572815,290.0,2215,0.47022014160156256,False,REGULAR,USD,2025-11-07
AMZN251107P00195000,2025-10-23 19:52:13+00:00,195.0,0.9,0.86,0.92,-0.72,-44.444443,184.0,1924,0.4624077197265626,False,REGULAR,USD,2025-11-07
AMZN251107P00200000,2025-10-23 19:57:09+00:00,200.0,1.53,1.47,1.51,-1.03,-40.234375,719.0,3556,0.4552056433105469,False,REGULAR,USD,2025-11-07
AMZN251107P00205000,2025-10-23 19:57:35+00:00,205.0,2.46,2.41,2.49,-1.3899999,-36.103893,204.0,2359,0.45691461059570315,False,REGULAR,USD,2025-11-07
AMZN251107P00210000,2025-10-23 19:59:54+00:00,210.0,3.85,3.8,3.95,-1.6500001,-30.000002,348.0,3162,0.46411668701171876,False,REGULAR,USD,2025-11-07
AMZN251107P00215000,2025-10-23 19:56:04+00:00,215.0,5.81,5.65,5.8,-1.79,-23.552631,115.0,3424,0.4669242761230469,False,REGULAR,USD,2025-11-07
AMZN251107P00220000,2025-10-23 19:59:50+00:00,220.0,8.0,7.8,8.05,-2.1000004,-20.792082,967.0,2633,0.46619186157226566,False,REGULAR,USD,2025-11-07
AMZN251107P00225000,2025-10-23 19:58:12+00:00,225.0,10.73,10.5,10.9,-2.7200003,-20.223051,109.0,2722,0.4730277307128906,True,REGULAR,USD,2025-11-07
AMZN251107P00230000,2025-10-23 19:48:21+00:00,230.0,13.87,13.75,13.95,0.39000034,2.8931777,13.0,472,0.4666801379394532,True,REGULAR,USD,2025-11-07
AMZN251107P00235000,2025-10-23 17:49:22+00:00,235.0,18.08,17.3,17.5,-1.2199993,-6.3212404,30.0,310,0.4655815161132813,True,REGULAR,USD,2025-11-07
AMZN251107P00240000,2025-10-23 19:22:33+00:00,240.0,21.28,21.2,21.45,-2.869999,-11.884053,41.0,164,0.4682670361328125,True,REGULAR,USD,2025-11-07
AMZN251107P00245000,2025-10-23 14:16:34+00:00,245.0,26.95,25.35,25.6,-1.0499992,-3.7499974,5.0,31,0.4643608251953125,True,REGULAR,USD,2025-11-07
AMZN251107P00250000,2025-10-22 15:45:34+00:00,250.0,31.2,29.35,30.45,-0.79999924,-2.4999976,1.0,33,0.5085498364257812,True,REGULAR,USD,2025-11-07
AMZN251107P00255000,2025-10-21 14:33:04+00:00,255.0,34.59,34.25,34.65,0.0,0.0,3.0,7,0.46631393066406257,True,REGULAR,USD,2025-11-07
AMZN251107P00260000,2025-10-23 17:45:17+00:00,260.0,40.03,38.5,39.4,-2.3700027,-5.5896287,6.0,16,0.47022014160156256,True,REGULAR,USD,2025-11-07
AMZN251107P00265000,2025-10-22 14:56:37+00:00,265.0,47.2,43.2,44.85,0.0,0.0,2.0,7,0.5896037133789063,True,REGULAR,USD,2025-11-07
AMZN251107P00270000,2025-10-21 13:37:05+00:00,270.0,50.65,48.05,49.05,0.0,0.0,6.0,8,0.450200810546875,True,REGULAR,USD,2025-11-07
AMZN251107P00275000,2025-09-30 14:25:29+00:00,275.0,55.85,52.85,54.9,0.0,0.0,,0,0.6860382958984376,True,REGULAR,USD,2025-11-07
AMZN251107P00280000,2025-10-02 13:55:35+00:00,280.0,60.8,57.9,59.8,0.0,0.0,1.0,0,0.711916943359375,True,REGULAR,USD,2025-11-07
AMZN251107P00290000,2025-10-20 13:33:31+00:00,290.0,76.15,67.95,69.05,0.0,0.0,6.0,0,0.5830119824218749,True,REGULAR,USD,2025-11-07
AMZN251114P00120000,2025-10-22 15:41:52+00:00,120.0,0.04,0.01,0.07,0.0,0.0,2.0,12,0.9062509375,False,REGULAR,USD,2025-11-14
AMZN251114P00125000,2025-10-23 18:59:26+00:00,125.0,0.03,0.01,0.08,0.0,0.0,6.0,4,0.85937640625,False,REGULAR,USD,2025-11-14
AMZN251114P00130000,2025-10-23 19:00:35+00:00,130.0,0.04,0.01,0.09,0.0,0.0,10.0,6,0.8125018749999999,False,REGULAR,USD,2025-11-14
AMZN251114P00135000,2025-10-23 15:01:35+00:00,135.0,0.05,0.01,0.09,-0.009999998,-16.666662,4.0,3,0.7597680273437502,False,REGULAR,USD,2025-11-14
AMZN251114P00140000,2025-10-23 14:48:15+00:00,140.0,0.06,0.01,0.1,-0.030000005,-33.333336,4.0,14,0.7148466015625,False,REGULAR,USD,2025-11-14
AMZN251114P00145000,2025-10-23 14:04:26+00:00,145.0,0.11,0.02,0.12,-0.009999998,-8.333331,6.0,58,0.6835969140625001,False,REGULAR,USD,2025-11-14
AMZN251114P00150000,2025-10-23 19:41:02+00:00,150.0,0.08,0.04,0.13,-0.04,-33.333336,16.0,97,0.648441015625,False,REGULAR,USD,2025-11-14
AMZN251114P00155000,2025-10-23 19:00:35+00:00,155.0,0.13,0.07,0.15,-0.02000001,-13.333339,15.0,478,0.6191444335937502,False,REGULAR,USD,2025-11-14
AMZN251114P00160000,2025-10-23 18:25:08+00:00,160.0,0.12,0.11,0.15,-0.07,-36.842106,16.0,266,0.5830119824218749,False,REGULAR,USD,2025-11-14
AMZN251114P00165000,2025-10-23 17:10:33+00:00,165.0,0.16,0.15,0.18,-0.110000014,-40.740746,15.0,184,0.551762294921875,False,REGULAR,USD,2025-11-14
AMZN251114P00170000,2025-10-23 14:04:50+00:00,170.0,0.28,0.19,0.23,-0.06999999,-19.999998,3.0,186,0.5214891601562499,False,REGULAR,USD,2025-11-14
AMZN251114P00175000,2025-10-23 18:58:04+00:00,175.0,0.29,0.26,0.29,-0.18,-38.29787,8.0,438,0.49707534179687507,False,REGULAR,USD,2025-11-14
AMZN251114P00180000,2025-10-23 17:18:12+00:00,180.0,0.39,0.36,0.39,-0.25,-39.0625,4.0,1218,0.47070841796875,False,REGULAR,USD,2025-11-14
AMZN251114P00185000,2025-10-23 19:53:13+00:00,185.0,0.54,0.53,0.55,-0.38,-41.304348,59.0,931,0.4484918432617187,False,REGULAR,USD,2025-11-14
AMZN251114P00190000,2025-10-23 19:24:25+00:00,190.0,0.84,0.8,0.83,-0.56,-40.0,46.0,967,0.4335994140625,False,REGULAR,USD,2025-11-14
AMZN251114P00195000,2025-10-23 19:53:13+00:00,195.0,1.29,1.24,1.29,-0.72,-35.820896,115.0,1093,0.42383388671875,False,REGULAR,USD,2025-11-14
AMZN251114P00200000,2025-10-23 19:57:06+00:00,200.0,2.04,1.92,2.01,-1.04,-33.766235,157.0,1242,0.418951123046875,False,REGULAR,USD,2025-11-14
AMZN251114P00205000,2025-10-23 19:57:06+00:00,205.0,3.2,3.0,3.1,-1.1600001,-26.605505,81.0,1242,0.4190731921386719,False,REGULAR,USD,2025-11-14
AMZN251114P00210000,2025-10-23 19:59:46+00:00,210.0,4.55,4.45,4.6,-1.6299996,-26.3754,51.0,1147,0.42139250488281255,False,REGULAR,USD,2025-11-14
AMZN251114P00215000,2025-10-23 19:58:56+00:00,215.0,6.45,6.35,6.5,-1.8500004,-22.28916,583.0,1943,0.422857333984375,False,REGULAR,USD,2025-11-14
AMZN251114P00220000,2025-10-23 19:55:35+00:00,220.0,8.84,8.6,8.8,-1.96,-18.148148,557.0,1227,0.422857333984375,False,REGULAR,USD,2025-11-14
AMZN251114P00225000,2025-10-23 19:50:00+00:00,225.0,11.5,11.3,11.5,-1.9799995,-14.688424,25.0,382,0.42175871215820315,True,REGULAR,USD,2025-11-14
AMZN251114P00230000,2025-10-23 16:07:51+00:00,230.0,15.05,14.4,14.6,-1.999999,-11.730201,4.0,175,0.4202938830566406,True,REGULAR,USD,2025-11-14
AMZN251114P00235000,2025-10-23 19:40:53+00:00,235.0,18.1,17.9,18.1,-2.4499989,-11.922135,1.0,431,0.41992767578125,True,REGULAR,USD,2025-11-14
AMZN251114P00240000,2025-10-21 17:18:49+00:00,240.0,21.8,21.7,21.95,0.0,0.0,11.0,125,0.4206600903320313,True,REGULAR,USD,2025-11-14
AMZN251114P00245000,2025-10-23 16:28:04+00:00,245.0,26.75,25.8,26.0,-1.5499992,-5.4770293,1.0,9,0.4162656030273437,True,REGULAR,USD,2025-11-14
AMZN251114P00250000,2025-10-17 15:06:39+00:00,250.0,38.39,30.1,30.35,0.0,0.0,6.0,5,0.4158993957519531,True,REGULAR,USD,2025-11-14
AMZN251114P00255000,2025-10-10 15:21:24+00:00,255.0,35.15,34.6,34.9,0.0,0.0,,2,0.41748629394531245,True,REGULAR,USD,2025-11-14
AMZN251114P00260000,2025-10-17 17:00:08+00:00,260.0,47.8,38.45,40.3,0.0,0.0,1.0,1,0.4998829309082031,True,REGULAR,USD,2025-11-14
AMZN251114P00265000,2025-10-03 19:28:27+00:00,265.0,45.5,43.1,45.15,0.0,0.0,1.0,0,0.5256395092773438,True,REGULAR,USD,2025-11-14
AMZN251114P00270000,2025-10-10 15:29:07+00:00,270.0,50.3,48.0,49.95,0.0,0.0,,0,0.5417526293945314,True,REGULAR,USD,2025-11-14
AMZN251114P00275000,2025-10-13 19:58:33+00:00,275.0,55.0,52.65,55.05,0.0,0.0,4.0,1,0.5908244042968751,True,REGULAR,USD,2025-11-14
AMZN251114P00280000,2025-10-14 13:30:13+00:00,280.0,65.38,57.7,59.05,0.0,0.0,6.0,0,0.432622861328125,True,REGULAR,USD,2025-11-14
AMZN251114P00285000,2025-10-13 18:31:33+00:00,285.0,64.42,62.6,64.05,0.0,0.0,,0,0.459966337890625,True,REGULAR,USD,2025-11-14
AMZN251114P00300000,2025-10-17 19:59:09+00:00,300.0,86.82,77.75,79.05,0.0,0.0,12.0,0,0.5371140039062501,True,REGULAR,USD,2025-11-14
AMZN251121P00085000,2025-10-23 17:57:17+00:00,85.0,0.01,0.0,0.05,0.0,0.0,1.0,963,1.15625421875,False,REGULAR,USD,2025-11-21
AMZN251121P00090000,2025-10-23 15:55:16+00:00,90.0,0.05,0.01,0.05,0.0,0.0,296.0,233,1.109379453125,False,REGULAR,USD,2025-11-21
AMZN251121P00095000,2025-10-22 19:24:25+00:00,95.0,0.06,0.01,0.05,0.0,0.0,68.0,43,1.0429735351562504,False,REGULAR,USD,2025-11-21
AMZN251121P00100000,2025-10-23 17:57:09+00:00,100.0,0.01,0.01,0.06,-0.060000002,-85.71429,9.0,136,0.9960937890625,False,REGULAR,USD,2025-11-21
AMZN251121P00105000,2025-10-23 19:55:24+00:00,105.0,0.06,0.01,0.06,0.049999997,499.99988,28.0,1378,0.937500625,False,REGULAR,USD,2025-11-21
AMZN251121P00110000,2025-10-22 16:30:56+00:00,110.0,0.02,0.02,0.07,0.0,0.0,6.0,91,0.9062509375,False,REGULAR,USD,2025-11-21
AMZN251121P00115000,2025-10-23 17:16:32+00:00,115.0,0.06,0.02,0.06,0.009999998,19.999994,17.0,366,0.8437515624999999,False,REGULAR,USD,2025-11-21
AMZN251121P00120000,2025-10-23 16:59:53+00:00,120.0,0.06,0.01,0.24,-0.010000002,-14.285716,6.0,345,0.9003916210937499,False,REGULAR,USD,2025-11-21
AMZN251121P00125000,2025-10-22 16:06:18+00:00,125.0,0.05,0.01,0.09,0.0,0.0,11.0,1256,0.7617211328125001,False,REGULAR,USD,2025-11-21
AMZN251121P00130000,2025-10-22 16:08:47+00:00,130.0,0.06,0.02,0.1,0.0,0.0,12.0,1027,0.726565234375,False,REGULAR,USD,2025-11-21
AMZN251121P00135000,2025-10-22 18:44:14+00:00,135.0,0.11,0.03,0.11,0.0,0.0,2.0,2291,0.6914093359375001,False,REGULAR,USD,2025-11-21
AMZN251121P00140000,2025-10-23 19:06:00+00:00,140.0,0.09,0.05,0.09,-0.029999994,-24.999994,530.0,5557,0.6445348046875,False,REGULAR,USD,2025-11-21
AMZN251121P00145000,2025-10-23 15:51:23+00:00,145.0,0.1,0.06,0.14,-0.07,-41.17647,321.0,701,0.6250037500000001,False,REGULAR,USD,2025-11-21
AMZN251121P00150000,2025-10-23 16:46:40+00:00,150.0,0.13,0.1,0.12,-0.07000001,-35.000004,25.0,5509,0.586918193359375,False,REGULAR,USD,2025-11-21
AMZN251121P00155000,2025-10-23 19:37:43+00:00,155.0,0.15,0.14,0.17,-0.08999999,-37.499996,15.0,5217,0.56836369140625,False,REGULAR,USD,2025-11-21
AMZN251121P00160000,2025-10-23 19:53:40+00:00,160.0,0.18,0.18,0.21,-0.109999985,-37.93103,26.0,4638,0.5405319384765627,False,REGULAR,USD,2025-11-21
AMZN251121P00165000,2025-10-23 19:37:43+00:00,165.0,0.24,0.23,0.25,-0.13000001,-35.135136,5.0,949,0.5117236328125,False,REGULAR,USD,2025-11-21
AMZN251121P00170000,2025-10-23 19:59:50+00:00,170.0,0.32,0.29,0.32,-0.14000002,-30.434786,99.0,5075,0.4887746435546876,False,REGULAR,USD,2025-11-21
AMZN251121P00175000,2025-10-23 19:55:15+00:00,175.0,0.39,0.38,0.4,-0.22000003,-36.06558,65.0,9019,0.46094289062500005,False,REGULAR,USD,2025-11-21
AMZN251121P00180000,2025-10-23 19:56:37+00:00,180.0,0.54,0.52,0.54,-0.28999996,-34.939754,187.0,7114,0.43945873046875,False,REGULAR,USD,2025-11-21
AMZN251121P00185000,2025-10-23 19:57:58+00:00,185.0,0.76,0.74,0.76,-0.41999996,-35.59322,188.0,7996,0.42188078125,False,REGULAR,USD,2025-11-21
AMZN251121P00190000,2025-10-23 19:57:09+00:00,190.0,1.13,1.09,1.12,-0.62,-35.42857,432.0,13875,0.40991801025390623,False,REGULAR,USD,2025-11-21
AMZN251121P00195000,2025-10-23 19:59:50+00:00,195.0,1.67,1.62,1.66,-0.7800001,-31.836737,379.0,6793,0.4008848974609375,False,REGULAR,USD,2025-11-21
AMZN251121P00200000,2025-10-23 19:58:05+00:00,200.0,2.48,2.41,2.48,-1.0699999,-30.140842,1956.0,26168,0.3966124792480469,False,REGULAR,USD,2025-11-21
AMZN251121P00205000,2025-10-23 19:59:17+00:00,205.0,3.62,3.55,3.65,-1.2800002,-26.122452,388.0,15681,0.3957579956054688,False,REGULAR,USD,2025-11-21
AMZN251121P00210000,2025-10-23 19:59:06+00:00,210.0,5.2,4.95,5.2,-1.4100003,-21.33132,1155.0,14851,0.3961852374267578,False,REGULAR,USD,2025-11-21
AMZN251121P00215000,2025-10-23 19:48:41+00:00,215.0,7.0,6.85,7.1,-1.75,-20.0,1846.0,17363,0.39514765014648445,False,REGULAR,USD,2025-11-21
AMZN251121P00220000,2025-10-23 19:53:00+00:00,220.0,9.4,9.25,9.4,-1.9800005,-17.398949,456.0,14095,0.394110062866211,False,REGULAR,USD,2025-11-21
AMZN251121P00225000,2025-10-23 19:39:43+00:00,225.0,12.0,11.9,12.1,-2.1400003,-15.134373,71.0,7730,0.3931945446777344,True,REGULAR,USD,2025-11-21
AMZN251121P00230000,2025-10-23 19:57:54+00:00,230.0,15.19,14.9,15.25,-2.2600012,-12.951296,44.0,6601,0.3949645465087891,True,REGULAR,USD,2025-11-21
AMZN251121P00235000,2025-10-23 19:49:47+00:00,235.0,18.45,18.0,19.1,-2.5499992,-12.142854,208.0,4161,0.4122983575439453,True,REGULAR,USD,2025-11-21
AMZN251121P00240000,2025-10-23 18:47:05+00:00,240.0,22.28,21.55,23.1,-2.9699993,-11.762374,12.0,2663,0.42517664672851563,True,REGULAR,USD,2025-11-21
AMZN251121P00245000,2025-10-23 19:46:51+00:00,245.0,26.4,26.15,26.4,-2.5300007,-8.745249,31.0,949,0.3881897119140625,True,REGULAR,USD,2025-11-21
AMZN251121P00250000,2025-10-23 14:53:51+00:00,250.0,31.3,29.8,31.15,-2.2000008,-6.5671663,3.0,766,0.4185849157714844,True,REGULAR,USD,2025-11-21
AMZN251121P00255000,2025-10-23 19:43:33+00:00,255.0,34.9,34.25,35.65,-3.1499977,-8.278575,62.0,279,0.42664147583007817,True,REGULAR,USD,2025-11-21
AMZN251121P00260000,2025-10-21 16:59:10+00:00,260.0,38.7,38.75,40.35,0.0,0.0,8.0,184,0.4419001123046875,True,REGULAR,USD,2025-11-21
AMZN251121P00265000,2025-10-23 14:02:09+00:00,265.0,45.6,43.35,45.2,-1.9500008,-4.100948,20.0,156,0.46497117065429694,True,REGULAR,USD,2025-11-21
AMZN251121P00270000,2025-10-21 15:07:13+00:00,270.0,48.68,48.85,50.1,0.0,0.0,22.0,1491,0.4897511962890626,True,REGULAR,USD,2025-11-21
AMZN251121P00275000,2025-10-23 19:28:01+00:00,275.0,54.1,53.8,54.1,-7.9400024,-12.798199,54.0,1214,0.3706117626953125,True,REGULAR,USD,2025-11-21
AMZN251121P00280000,2025-10-22 17:18:54+00:00,280.0,62.33,57.85,59.85,0.0,0.0,42.0,201,0.5261277856445312,True,REGULAR,USD,2025-11-21
AMZN251121P00285000,2025-10-21 17:01:49+00:00,285.0,63.15,62.7,65.0,0.0,0.0,2.0,0,0.5737347314453125,True,REGULAR,USD,2025-11-21
AMZN251121P00290000,2025-10-07 13:32:00+00:00,290.0,68.98,67.8,69.9,0.0,0.0,6.0,0,0.5910685424804689,True,REGULAR,USD,2025-11-21
AMZN251121P00295000,2025-10-10 14:57:53+00:00,295.0,68.1,72.75,75.0,0.0,0.0,1.0,0,0.631839619140625,True,REGULAR,USD,2025-11-21
AMZN251121P00300000,2025-10-06 18:20:59+00:00,300.0,79.25,77.85,79.9,0.0,0.0,8.0,0,0.6469761865234375,True,REGULAR,USD,2025-11-21
AMZN251121P00305000,2025-10-08 14:00:22+00:00,305.0,82.7,82.75,85.0,0.0,0.0,1.0,0,0.6867707104492189,True,REGULAR,USD,2025-11-21
AMZN251121P00310000,2025-09-19 19:50:00+00:00,310.0,78.55,94.75,95.05,0.0,0.0,1.0,0,1.10315389831543,True,REGULAR,USD,2025-11-21
AMZN251121P00320000,2025-10-08 14:00:22+00:00,320.0,97.7,97.85,99.9,0.0,0.0,1.0,0,0.7500025,True,REGULAR,USD,2025-11-21
AMZN251121P00325000,2025-10-08 14:00:22+00:00,325.0,102.7,102.8,105.0,0.0,0.0,,0,0.7885763330078125,True,REGULAR,USD,2025-11-21
AMZN251121P00335000,2025-10-16 16:40:17+00:00,335.0,120.25,112.8,115.0,0.0,0.0,1.0,0,0.8361832788085937,True,REGULAR,USD,2025-11-21
AMZN251128P00120000,2025-10-22 15:11:19+00:00,120.0,0.04,0.01,0.09,0.0,0.0,25.0,37,0.7304714453125,False,REGULAR,USD,2025-11-28
AMZN251128P00125000,2025-10-17 18:21:05+00:00,125.0,0.12,0.03,0.1,0.0,0.0,1.0,1,0.70312796875,False,REGULAR,USD,2025-11-28
AMZN251128P00130000,2025-10-17 18:20:18+00:00,130.0,0.15,0.04,0.11,0.0,0.0,2.0,4,0.6699251757812501,False,REGULAR,USD,2025-11-28
AMZN251128P00135000,2025-10-22 18:45:49+00:00,135.0,0.11,0.05,0.32,0.0,0.0,1.0,5,0.702151416015625,False,REGULAR,USD,2025-11-28
AMZN251128P00140000,2025-10-22 19:31:25+00:00,140.0,0.15,0.07,0.14,0.0,0.0,15.0,28,0.6093789062500001,False,REGULAR,USD,2025-11-28
AMZN251128P00145000,2025-10-23 19:56:14+00:00,145.0,0.12,0.09,0.16,-0.07,-36.842106,8.0,10,0.579105771484375,False,REGULAR,USD,2025-11-28
AMZN251128P00150000,2025-10-23 17:29:40+00:00,150.0,0.17,0.12,0.19,-0.03999999,-19.047615,1.0,24,0.55273884765625,False,REGULAR,USD,2025-11-28
AMZN251128P00155000,2025-10-23 14:06:32+00:00,155.0,0.24,0.16,0.23,-0.019999996,-7.692306,2.0,28,0.5283250292968751,False,REGULAR,USD,2025-11-28
AMZN251128P00160000,2025-10-23 16:19:40+00:00,160.0,0.26,0.21,0.27,-0.050000012,-16.129036,10.0,215,0.5024463818359376,False,REGULAR,USD,2025-11-28
AMZN251128P00165000,2025-10-23 18:06:11+00:00,165.0,0.3,0.27,0.33,-0.119999975,-28.571423,14.0,83,0.485356708984375,False,REGULAR,USD,2025-11-28
AMZN251128P00170000,2025-10-23 19:46:34+00:00,170.0,0.37,0.35,0.41,-0.18,-32.727272,7.0,293,0.459966337890625,False,REGULAR,USD,2025-11-28
AMZN251128P00175000,2025-10-23 18:13:55+00:00,175.0,0.49,0.46,0.53,-0.25,-33.783783,4.0,156,0.4379939013671875,False,REGULAR,USD,2025-11-28
AMZN251128P00180000,2025-10-23 19:46:48+00:00,180.0,0.67,0.63,0.7,-0.31,-31.632652,49.0,755,0.41797457031249996,False,REGULAR,USD,2025-11-28
AMZN251128P00185000,2025-10-23 19:13:06+00:00,185.0,0.99,0.88,0.97,-0.46000004,-31.72414,36.0,233,0.40259386474609377,False,REGULAR,USD,2025-11-28
AMZN251128P00190000,2025-10-23 19:43:39+00:00,190.0,1.37,1.31,1.44,-0.63,-31.5,76.0,660,0.39588006469726567,False,REGULAR,USD,2025-11-28
AMZN251128P00195000,2025-10-23 19:45:53+00:00,195.0,1.97,1.91,1.98,-0.76,-27.838827,44.0,764,0.38233039550781245,False,REGULAR,USD,2025-11-28
AMZN251128P00200000,2025-10-23 19:51:55+00:00,200.0,2.85,2.75,2.86,-1.02,-26.35659,372.0,775,0.3776917700195312,False,REGULAR,USD,2025-11-28
AMZN251128P00205000,2025-10-23 19:44:42+00:00,205.0,4.0,3.9,4.05,-1.3200002,-24.812033,75.0,358,0.3746400427246094,False,REGULAR,USD,2025-11-28
AMZN251128P00210000,2025-10-23 19:44:00+00:00,210.0,5.55,5.45,5.65,-1.5499997,-21.830982,34.0,405,0.3748841809082031,False,REGULAR,USD,2025-11-28
AMZN251128P00215000,2025-10-23 19:59:31+00:00,215.0,7.45,7.35,7.65,-1.8000002,-19.459461,51.0,461,0.37622694091796877,False,REGULAR,USD,2025-11-28
AMZN251128P00220000,2025-10-23 19:54:49+00:00,220.0,9.75,9.6,9.9,-1.9499998,-16.666666,67.0,322,0.37280900634765624,False,REGULAR,USD,2025-11-28
AMZN251128P00225000,2025-10-23 19:30:36+00:00,225.0,12.57,12.35,12.65,-1.9300003,-13.310347,17.0,163,0.3737245245361328,True,REGULAR,USD,2025-11-28
AMZN251128P00230000,2025-10-22 15:28:34+00:00,230.0,17.41,15.3,15.75,0.0,0.0,7.0,61,0.3742128009033203,True,REGULAR,USD,2025-11-28
AMZN251128P00235000,2025-10-21 17:12:25+00:00,235.0,18.41,17.95,19.7,0.0,0.0,5.0,121,0.3947814428710938,True,REGULAR,USD,2025-11-28
AMZN251128P00240000,2025-10-20 16:19:08+00:00,240.0,27.7,21.95,23.3,0.0,0.0,20.0,32,0.3913635083007812,True,REGULAR,USD,2025-11-28
AMZN251128P00250000,2025-10-17 16:22:19+00:00,250.0,38.55,30.2,31.4,0.0,0.0,12.0,120,0.3908141973876953,True,REGULAR,USD,2025-11-28
AMZN251128P00255000,2025-10-15 16:23:15+00:00,255.0,40.9,34.6,35.85,0.0,0.0,,11,0.3969786865234375,True,REGULAR,USD,2025-11-28
AMZN251128P00260000,2025-10-21 14:13:44+00:00,260.0,39.7,39.05,40.55,0.0,0.0,3.0,1,0.4124814611816406,True,REGULAR,USD,2025-11-28
AMZN251128P00265000,2025-10-10 15:02:18+00:00,265.0,42.76,43.65,45.35,0.0,0.0,,1,0.43066975585937506,True,REGULAR,USD,2025-11-28
AMZN251128P00270000,2025-10-21 16:54:07+00:00,270.0,47.88,48.5,49.95,0.0,0.0,2.0,3,0.4272518212890626,True,REGULAR,USD,2025-11-28
AMZN251128P00275000,2025-10-14 19:40:05+00:00,275.0,58.79,53.2,55.05,0.0,0.0,,1,0.46582565429687506,True,REGULAR,USD,2025-11-28
AMZN251219P00050000,2025-10-21 19:33:33+00:00,50.0,0.03,0.0,0.03,0.0,0.0,2.0,3159,1.21875390625,False,REGULAR,USD,2025-12-19
AMZN251219P00055000,2025-09-24 14:09:26+00:00,55.0,0.02,0.0,0.05,0.0,0.0,2.0,1553,1.1875040625,False,REGULAR,USD,2025-12-19
AMZN251219P00060000,2025-10-20 13:35:43+00:00,60.0,0.02,0.0,0.12,0.0,0.0,1.0,1652,1.21875390625,False,REGULAR,USD,2025-12-19
AMZN251219P00065000,2025-10-22 19:14:11+00:00,65.0,0.01,0.0,0.1,0.0,0.0,1.0,3057,1.125004375,False,REGULAR,USD,2025-12-19
AMZN251219P00070000,2025-10-21 14:46:48+00:00,70.0,0.02,0.0,0.25,0.0,0.0,10.0,1959,1.1679729101562502,False,REGULAR,USD,2025-12-19
AMZN251219P00075000,2025-10-21 16:50:01+00:00,75.0,0.03,0.01,0.03,0.0,0.0,1.0,2731,0.914063359375,False,REGULAR,USD,2025-12-19
AMZN251219P00080000,2025-10-16 18:36:06+00:00,80.0,0.07,0.02,0.18,0.0,0.0,23.0,4456,1.01172369140625,False,REGULAR,USD,2025-12-19
AMZN251219P00085000,2025-10-21 13:30:00+00:00,85.0,0.04,0.02,0.12,0.0,0.0,3.0,1395,0.9179695703125,False,REGULAR,USD,2025-12-19
AMZN251219P00090000,2025-10-23 15:11:18+00:00,90.0,0.02,0.01,0.22,-0.04,-66.66667,1.0,4632,0.9160164648437501,False,REGULAR,USD,2025-12-19
AMZN251219P00095000,2025-10-22 19:33:39+00:00,95.0,0.1,0.02,0.1,0.0,0.0,2.0,11380,0.804689453125,False,REGULAR,USD,2025-12-19
AMZN251219P00100000,2025-10-23 19:59:39+00:00,100.0,0.05,0.03,0.21,-0.009999998,-16.666662,7.0,14092,0.8203142968749999,False,REGULAR,USD,2025-12-19
AMZN251219P00105000,2025-10-23 14:16:31+00:00,105.0,0.06,0.03,0.11,-0.010000002,-14.285716,12.0,2833,0.726565234375,False,REGULAR,USD,2025-12-19
AMZN251219P00110000,2025-10-22 17:05:26+00:00,110.0,0.09,0.05,0.12,0.0,0.0,1.0,9944,0.6992217578125001,False,REGULAR,USD,2025-12-19
AMZN251219P00115000,2025-10-23 16:37:48+00:00,115.0,0.1,0.07,0.14,0.0,0.0,1.0,10498,0.6738313867187502,False,REGULAR,USD,2025-12-19
AMZN251219P00120000,2025-10-23 13:50:03+00:00,120.0,0.11,0.1,0.15,-0.030000001,-21.428572,15.0,6114,0.647464462890625,False,REGULAR,USD,2025-12-19
AMZN251219P00125000,2025-10-23 13:50:03+00:00,125.0,0.14,0.11,0.17,0.0,0.0,15.0,7483,0.6162147753906251,False,REGULAR,USD,2025-12-19
AMZN251219P00130000,2025-10-23 18:35:18+00:00,130.0,0.15,0.14,0.17,-0.099999994,-39.999996,2.0,5838,0.585941640625,False,REGULAR,USD,2025-12-19
AMZN251219P00135000,2025-10-22 17:37:08+00:00,135.0,0.23,0.17,0.2,0.0,0.0,21.0,4479,0.561527822265625,False,REGULAR,USD,2025-12-19
AMZN251219P00140000,2025-10-22 15:01:20+00:00,140.0,0.27,0.21,0.24,0.0,0.0,4.0,3894,0.5385788330078126,False,REGULAR,USD,2025-12-19
AMZN251219P00145000,2025-10-23 13:56:11+00:00,145.0,0.29,0.25,0.29,-0.050000012,-14.705885,2.0,5846,0.51562984375,False,REGULAR,USD,2025-12-19
AMZN251219P00150000,2025-10-23 17:54:15+00:00,150.0,0.32,0.31,0.34,-0.13,-28.88889,17.0,10060,0.49658706542968756,False,REGULAR,USD,2025-12-19
AMZN251219P00155000,2025-10-22 19:54:15+00:00,155.0,0.42,0.37,0.41,-0.07000002,-14.285719,2.0,4017,0.47461462890625,False,REGULAR,USD,2025-12-19
AMZN251219P00160000,2025-10-23 19:41:48+00:00,160.0,0.47,0.46,0.49,-0.13000003,-21.66667,80.0,6540,0.45215391601562505,False,REGULAR,USD,2025-12-19
AMZN251219P00165000,2025-10-23 19:52:12+00:00,165.0,0.6,0.57,0.6,-0.16999996,-22.077917,9.0,3366,0.4318904467773438,False,REGULAR,USD,2025-12-19
AMZN251219P00170000,2025-10-23 18:13:09+00:00,170.0,0.75,0.72,0.75,-0.24000001,-24.242424,98.0,8442,0.4133359448242187,False,REGULAR,USD,2025-12-19
AMZN251219P00175000,2025-10-23 19:27:43+00:00,175.0,0.98,0.93,0.96,-0.27999997,-22.22222,573.0,7927,0.39722282470703124,False,REGULAR,USD,2025-12-19
AMZN251219P00180000,2025-10-23 19:59:49+00:00,180.0,1.25,1.23,1.26,-0.40999997,-24.698793,396.0,12967,0.3836731555175781,False,REGULAR,USD,2025-12-19
AMZN251219P00185000,2025-10-23 19:59:12+00:00,185.0,1.69,1.53,1.69,-0.53,-23.873873,544.0,7375,0.37305314453125,False,REGULAR,USD,2025-12-19
AMZN251219P00190000,2025-10-23 19:59:49+00:00,190.0,2.25,2.23,2.28,-0.72,-24.242424,967.0,10127,0.3645083081054688,False,REGULAR,USD,2025-12-19
AMZN251219P00195000,2025-10-23 19:53:54+00:00,195.0,3.05,3.0,3.1,-0.95000005,-23.750002,275.0,8035,0.35883209533691407,False,REGULAR,USD,2025-12-19
AMZN251219P00200000,2025-10-23 19:58:44+00:00,200.0,4.15,4.05,4.15,-1.0999999,-20.95238,676.0,23751,0.3536441589355468,False,REGULAR,USD,2025-12-19
AMZN251219P00205000,2025-10-23 19:58:13+00:00,205.0,5.5,5.4,5.5,-1.4000001,-20.289858,913.0,15378,0.35016518981933586,False,REGULAR,USD,2025-12-19
AMZN251219P00210000,2025-10-23 19:58:13+00:00,210.0,7.17,7.05,7.2,-1.46,-16.917728,419.0,15169,0.34857829162597653,False,REGULAR,USD,2025-12-19
AMZN251219P00215000,2025-10-23 19:56:10+00:00,215.0,9.25,9.05,9.2,-1.75,-15.909091,243.0,10037,0.3463810479736328,False,REGULAR,USD,2025-12-19
AMZN251219P00220000,2025-10-23 19:55:25+00:00,220.0,11.62,11.35,11.55,-1.7799997,-13.28358,505.0,10375,0.34497725341796875,False,REGULAR,USD,2025-12-19
AMZN251219P00225000,2025-10-23 19:58:53+00:00,225.0,14.17,13.9,14.2,-2.17,-13.280293,239.0,6917,0.3427189752197265,True,REGULAR,USD,2025-12-19
AMZN251219P00230000,2025-10-23 19:36:23+00:00,230.0,17.15,17.0,17.25,-2.210001,-11.415294,26.0,3640,0.3428410443115234,True,REGULAR,USD,2025-12-19
AMZN251219P00235000,2025-10-23 19:52:08+00:00,235.0,20.4,20.25,20.5,-2.2000008,-9.734516,15.0,5172,0.34003345520019534,True,REGULAR,USD,2025-12-19
AMZN251219P00240000,2025-10-23 19:17:25+00:00,240.0,24.26,23.75,24.05,-2.9400005,-10.8088255,7.0,1708,0.3377141424560547,True,REGULAR,USD,2025-12-19
AMZN251219P00245000,2025-10-23 15:54:25+00:00,245.0,28.66,27.6,27.85,-1.6200008,-5.350069,8.0,1551,0.33515069152832033,True,REGULAR,USD,2025-12-19
AMZN251219P00250000,2025-10-23 19:46:41+00:00,250.0,31.65,31.6,31.95,-2.1499996,-6.360946,69.0,1711,0.33539482971191403,True,REGULAR,USD,2025-12-19
AMZN251219P00255000,2025-10-23 18:55:10+00:00,255.0,36.55,35.85,36.2,-3.1900024,-8.027183,16.0,212,0.3341741387939453,True,REGULAR,USD,2025-12-19
AMZN251219P00260000,2025-10-23 18:47:55+00:00,260.0,40.6,40.25,40.55,-3.5100021,-7.957384,16.0,285,0.32947447875976554,True,REGULAR,USD,2025-12-19
AMZN251219P00265000,2025-10-23 18:47:07+00:00,265.0,45.83,44.85,45.15,-1.449997,-3.0668294,10.0,193,0.3311834460449219,True,REGULAR,USD,2025-12-19
AMZN251219P00270000,2025-10-23 17:20:48+00:00,270.0,50.66,48.8,50.4,-2.6500015,-4.9709277,2.0,119,0.37244279907226563,True,REGULAR,USD,2025-12-19
AMZN251219P00275000,2025-10-23 16:59:47+00:00,275.0,55.31,53.45,55.25,1.3800011,2.5588746,2.0,115,0.38672488281249995,True,REGULAR,USD,2025-12-19
AMZN251219P00280000,2025-10-23 17:00:29+00:00,280.0,59.9,58.35,60.0,2.5,4.3554006,4.0,122,0.3909973010253906,True,REGULAR,USD,2025-12-19
AMZN251219P00285000,2025-10-21 17:03:43+00:00,285.0,63.45,63.05,65.05,0.0,0.0,4.0,6,0.41699801757812494,True,REGULAR,USD,2025-12-19
AMZN251219P00290000,2025-10-22 19:34:12+00:00,290.0,71.87,68.75,69.9,0.0,0.0,1.0,3,0.42529871582031253,True,REGULAR,USD,2025-12-19
AMZN251219P00295000,2025-10-21 16:27:24+00:00,295.0,72.2,72.8,75.0,0.0,0.0,3.0,4,0.4545952978515625,True,REGULAR,USD,2025-12-19
AMZN251219P00300000,2025-10-21 13:49:08+00:00,300.0,80.5,77.9,79.95,0.0,0.0,1.0,0,0.47009807250976565,True,REGULAR,USD,2025-12-19
AMZN251219P00305000,2025-10-21 15:09:22+00:00,305.0,83.34,82.8,85.0,0.0,0.0,2.0,0,0.49414568359375005,True,REGULAR,USD,2025-12-19
AMZN251219P00310000,2025-10-21 15:09:22+00:00,310.0,88.33,87.9,89.95,0.0,0.0,2.0,0,0.5083056982421875,True,REGULAR,USD,2025-12-19
AMZN251219P00315000,2025-07-30 14:57:43+00:00,315.0,85.17,95.05,95.4,0.0,0.0,2.0,0,0.5522505712890625,True,REGULAR,USD,2025-12-19
AMZN251219P00320000,2025-02-04 17:13:50+00:00,320.0,79.7,0.0,0.0,0.0,0.0,,0,1.0000000000000003e-05,True,REGULAR,USD,2025-12-19
AMZN251219P00325000,2025-10-08 14:00:22+00:00,325.0,102.65,102.8,105.0,0.0,0.0,,0,0.567387138671875,True,REGULAR,USD,2025-12-19
AMZN251219P00340000,2025-10-10 16:23:53+00:00,340.0,119.19,117.9,119.95,0.0,0.0,2.0,0,0.6127968408203126,True,REGULAR,USD,2025-12-19
AMZN251219P00345000,2025-10-09 19:51:16+00:00,345.0,117.57,122.8,125.0,0.0,0.0,3.0,0,0.6342810009765626,True,REGULAR,USD,2025-12-19
AMZN251219P00350000,2025-10-23 17:14:57+00:00,350.0,129.55,127.9,129.95,-5.699997,-4.2144156,4.0,0,0.6445348046875,True,REGULAR,USD,2025-12-19
AMZN251219P00355000,2025-06-26 19:41:06+00:00,355.0,138.17,134.95,135.4,0.0,0.0,,0,0.6843293286132813,True,REGULAR,USD,2025-12-19
AMZN251219P00360000,2025-10-03 19:32:03+00:00,360.0,140.41,137.9,139.95,0.0,0.0,1.0,0,0.6750520776367189,True,REGULAR,USD,2025-12-19
AMZN260116P00065000,2025-10-22 19:14:38+00:00,65.0,0.01,0.0,0.05,0.0,0.0,1.0,3139,0.8632826171875,False,REGULAR,USD,2026-01-16
AMZN260116P00070000,2025-10-20 18:15:27+00:00,70.0,0.04,0.0,0.03,0.0,0.0,112.0,1665,0.7812521875,False,REGULAR,USD,2026-01-16
AMZN260116P00075000,2025-10-23 18:41:03+00:00,75.0,0.05,0.0,0.27,0.0,0.0,16.0,1220,0.913086806640625,False,REGULAR,USD,2026-01-16
AMZN260116P00080000,2025-10-22 13:48:53+00:00,80.0,0.05,0.02,0.22,0.0,0.0,3.0,3616,0.84961087890625,False,REGULAR,USD,2026-01-16
AMZN260116P00085000,2025-10-17 17:45:45+00:00,85.0,0.08,0.02,0.2,0.0,0.0,2.0,5643,0.7929708203125,False,REGULAR,USD,2026-01-16
AMZN260116P00090000,2025-10-23 14:33:15+00:00,90.0,0.08,0.05,0.08,0.02,33.333336,21.0,3065,0.7070341796875,False,REGULAR,USD,2026-01-16
AMZN260116P00095000,2025-10-21 18:15:41+00:00,95.0,0.06,0.03,0.19,0.0,0.0,2.0,3150,0.7070341796875,False,REGULAR,USD,2026-01-16
AMZN260116P00100000,2025-10-22 15:01:08+00:00,100.0,0.08,0.05,0.13,0.0,0.0,48.0,7276,0.65039412109375,False,REGULAR,USD,2026-01-16
AMZN260116P00105000,2025-10-17 18:26:06+00:00,105.0,0.1,0.07,0.14,-0.07,-41.17647,7.0,2335,0.6250037500000001,False,REGULAR,USD,2026-01-16
AMZN260116P00110000,2025-10-20 19:59:43+00:00,110.0,0.16,0.1,0.16,0.0,0.0,2.0,5662,0.6035195898437502,False,REGULAR,USD,2026-01-16
AMZN260116P00115000,2025-10-21 18:28:35+00:00,115.0,0.16,0.12,0.17,0.0,0.0,5.0,2541,0.57617611328125,False,REGULAR,USD,2026-01-16
AMZN260116P00120000,2025-10-23 18:35:56+00:00,120.0,0.16,0.16,0.19,-0.049999997,-23.809523,2.0,7396,0.5546919531250001,False,REGULAR,USD,2026-01-16
AMZN260116P00125000,2025-10-23 18:34:55+00:00,125.0,0.21,0.19,0.21,-0.060000017,-22.222229,10.0,6069,0.5307664111328125,False,REGULAR,USD,2026-01-16
AMZN260116P00130000,2025-10-23 17:48:47+00:00,130.0,0.26,0.24,0.27,-0.02000001,-7.1428604,2.0,8415,0.5151415673828125,False,REGULAR,USD,2026-01-16
AMZN260116P00135000,2025-10-23 18:17:42+00:00,135.0,0.31,0.26,0.32,-0.030000001,-8.823529,68.0,6092,0.499028447265625,False,REGULAR,USD,2026-01-16
AMZN260116P00140000,2025-10-23 16:12:00+00:00,140.0,0.37,0.34,0.38,-0.099999994,-21.276594,1.0,13930,0.4792532543945312,False,REGULAR,USD,2026-01-16
AMZN260116P00145000,2025-10-23 18:07:05+00:00,145.0,0.43,0.41,0.45,-0.120000005,-21.818182,5.0,6358,0.4594780615234375,False,REGULAR,USD,2026-01-16
AMZN260116P00150000,2025-10-23 19:36:02+00:00,150.0,0.53,0.5,0.53,-0.100000024,-15.873019,177.0,17538,0.43994700683593746,False,REGULAR,USD,2026-01-16
AMZN260116P00155000,2025-10-23 14:48:53+00:00,155.0,0.66,0.6,0.67,-0.060000002,-8.333333,2.0,8125,0.42627526855468756,False,REGULAR,USD,2026-01-16
AMZN260116P00160000,2025-10-23 19:53:21+00:00,160.0,0.76,0.75,0.77,-0.18,-19.148935,19.0,10609,0.4050352465820312,False,REGULAR,USD,2026-01-16
AMZN260116P00165000,2025-10-23 19:53:21+00:00,165.0,0.95,0.91,0.94,-0.18,-15.929204,131.0,6273,0.3890441955566406,False,REGULAR,USD,2026-01-16
AMZN260116P00170000,2025-10-23 19:22:05+00:00,170.0,1.19,1.15,1.18,-0.3699999,-23.717943,315.0,11720,0.37573866455078125,False,REGULAR,USD,2026-01-16
AMZN260116P00175000,2025-10-23 19:13:58+00:00,175.0,1.54,1.48,1.51,-0.35000002,-18.51852,2452.0,11216,0.3645083081054688,False,REGULAR,USD,2026-01-16
AMZN260116P00180000,2025-10-23 19:54:25+00:00,180.0,1.91,1.81,1.94,-0.5200001,-21.399181,118.0,23560,0.3544986425781249,False,REGULAR,USD,2026-01-16
AMZN260116P00185000,2025-10-23 19:53:31+00:00,185.0,2.48,2.46,2.52,-0.6700001,-21.269842,115.0,9157,0.3465031170654296,False,REGULAR,USD,2026-01-16
AMZN260116P00190000,2025-10-23 19:58:17+00:00,190.0,3.24,3.2,3.3,-0.8100002,-20.000002,104.0,23774,0.34088793884277346,False,REGULAR,USD,2026-01-16
AMZN260116P00195000,2025-10-23 19:53:10+00:00,195.0,4.2,4.15,4.25,-1.0,-19.23077,187.0,14594,0.334967587890625,False,REGULAR,USD,2026-01-16
AMZN260116P00200000,2025-10-23 19:59:38+00:00,200.0,5.45,5.35,5.45,-1.1000004,-16.793898,727.0,33858,0.33045103149414057,False,REGULAR,USD,2026-01-16
AMZN260116P00205000,2025-10-23 19:41:41+00:00,205.0,6.95,6.8,6.9,-1.1800003,-14.514149,284.0,9648,0.3263311996459961,False,REGULAR,USD,2026-01-16
AMZN260116P00210000,2025-10-23 19:59:34+00:00,210.0,8.6,8.55,8.85,-1.5099993,-14.9357,774.0,18301,0.3283758569335937,False,REGULAR,USD,2026-01-16
AMZN260116P00215000,2025-10-23 19:51:51+00:00,215.0,10.72,10.6,10.75,-1.7799997,-14.239998,88.0,9967,0.3219672296142577,False,REGULAR,USD,2026-01-16
AMZN260116P00220000,2025-10-23 19:54:08+00:00,220.0,12.98,12.95,13.3,-1.8700008,-12.592598,143.0,14037,0.3244086114501953,False,REGULAR,USD,2026-01-16
AMZN260116P00225000,2025-10-23 19:27:48+00:00,225.0,15.75,15.5,15.95,-1.75,-10.0,46.0,6054,0.3223944714355468,True,REGULAR,USD,2026-01-16
AMZN260116P00230000,2025-10-23 18:18:41+00:00,230.0,19.05,18.4,18.75,-1.5900002,-7.7034893,18.0,9399,0.3173286041259765,True,REGULAR,USD,2026-01-16
AMZN260116P00235000,2025-10-23 19:00:06+00:00,235.0,22.15,21.6,22.35,-1.6599998,-6.97186,45.0,6567,0.3251410260009765,True,REGULAR,USD,2026-01-16
AMZN260116P00240000,2025-10-23 18:50:23+00:00,240.0,25.74,25.0,25.35,-1.9300003,-6.9750643,47.0,4733,0.3118354949951171,True,REGULAR,USD,2026-01-16
AMZN260116P00245000,2025-10-23 19:50:38+00:00,245.0,29.12,28.7,29.0,-1.6499996,-5.362365,13.0,1964,0.3085396295166015,True,REGULAR,USD,2026-01-16
AMZN260116P00250000,2025-10-23 18:05:12+00:00,250.0,33.25,32.6,32.9,-2.3400002,-6.574881,23.0,2855,0.30609824768066407,True,REGULAR,USD,2026-01-16
AMZN260116P00255000,2025-10-23 16:54:37+00:00,255.0,37.4,36.7,37.0,-2.3199997,-5.840885,26.0,1203,0.3037789349365234,True,REGULAR,USD,2026-01-16
AMZN260116P00260000,2025-10-23 15:02:19+00:00,260.0,41.87,40.3,41.5,-1.4799995,-3.4140706,2.0,394,0.3104317004394531,True,REGULAR,USD,2026-01-16
AMZN260116P00265000,2025-10-23 17:24:56+00:00,265.0,46.73,44.65,45.75,-1.6899986,-3.4902906,21.0,495,0.3020089331054688,True,REGULAR,USD,2026-01-16
AMZN260116P00270000,2025-10-23 17:25:28+00:00,270.0,51.26,49.3,50.3,1.949997,3.9545667,4.0,516,0.3006661730957031,True,REGULAR,USD,2026-01-16
AMZN260116P00275000,2025-10-23 15:03:54+00:00,275.0,55.56,54.5,54.9,1.8100014,3.3674445,3.0,152,0.29614961669921874,True,REGULAR,USD,2026-01-16
AMZN260116P00280000,2025-10-23 19:50:00+00:00,280.0,59.6,58.55,59.65,-3.5800018,-5.6663527,31.0,620,0.295905478515625,True,REGULAR,USD,2026-01-16
AMZN260116P00285000,2025-10-23 17:20:44+00:00,285.0,65.36,63.3,65.2,-2.6299973,-3.868212,29.0,563,0.35217932983398437,True,REGULAR,USD,2026-01-16
AMZN260116P00290000,2025-10-23 17:21:25+00:00,290.0,70.23,68.15,70.0,-1.4199982,-1.9818536,2.0,27,0.35657381713867187,True,REGULAR,USD,2026-01-16
AMZN260116P00295000,2025-10-23 19:48:01+00:00,295.0,73.94,72.9,75.05,0.83000183,1.1352781,10.0,731,0.37708142456054683,True,REGULAR,USD,2026-01-16
AMZN260116P00300000,2025-10-21 19:44:50+00:00,300.0,77.8,77.85,80.0,0.0,0.0,13.0,13,0.3898986791992188,True,REGULAR,USD,2026-01-16
AMZN260116P00305000,2025-10-17 17:40:09+00:00,305.0,92.72,82.8,85.05,0.0,0.0,6.0,0,0.4096738720703125,True,REGULAR,USD,2026-01-16
AMZN260116P00310000,2025-02-03 17:10:57+00:00,310.0,74.17,0.0,0.0,0.0,0.0,2.0,0,1.0000000000000003e-05,True,REGULAR,USD,2026-01-16
AMZN260116P00315000,2025-07-31 14:14:00+00:00,315.0,81.25,94.95,95.4,0.0,0.0,1.0,0,0.46582565429687506,True,REGULAR,USD,2026-01-16
AMZN260116P00320000,2025-09-16 16:14:00+00:00,320.0,84.48,105.85,108.45,0.0,0.0,2.0,0,0.7662987237548828,True,REGULAR,USD,2026-01-16
AMZN260116P00325000,2025-10-09 13:51:59+00:00,325.0,103.1,102.8,105.05,0.0,0.0,1.0,0,0.47022014160156256,True,REGULAR,USD,2026-01-16
AMZN260116P00330000,2025-10-16 19:48:29+00:00,330.0,115.95,107.9,109.95,0.0,0.0,1.0,1,0.4760794580078125,True,REGULAR,USD,2026-01-16
AMZN260116P00335000,2025-10-16 19:48:29+00:00,335.0,120.97,112.8,115.05,0.0,0.0,1.0,0,0.4985401708984375,True,REGULAR,USD,2026-01-16
AMZN260116P00340000,2025-09-19 19:50:00+00:00,340.0,108.6,124.8,125.1,0.0,0.0,1.0,0,0.7615990637207033,True,REGULAR,USD,2026-01-16
AMZN260116P00345000,2025-08-22 19:56:52+00:00,345.0,116.03,124.95,125.45,0.0,0.0,1.0,0,0.5379684875488282,True,REGULAR,USD,2026-01-16
AMZN260116P00350000,2025-10-23 16:21:00+00:00,350.0,129.75,127.9,129.95,-6.199997,-4.560498,1.0,2,0.5295457202148439,True,REGULAR,USD,2026-01-16
AMZN260116P00355000,2025-10-16 19:48:27+00:00,355.0,140.97,132.8,135.05,0.0,0.0,3.0,0,0.5513960876464845,True,REGULAR,USD,2026-01-16
AMZN260116P00360000,2025-10-06 18:49:49+00:00,360.0,138.72,137.9,139.95,0.0,0.0,2.0,0,0.5546919531250001,True,REGULAR,USD,2026-01-16
AMZN260220P00110000,2025-10-21 19:51:18+00:00,110.0,0.22,0.17,0.23,0.0,0.0,3.0,675,0.5380905566406251,False,REGULAR,USD,2026-02-20
AMZN260220P00115000,2025-10-21 13:48:39+00:00,115.0,0.32,0.21,0.29,0.0,0.0,1.0,82,0.5224657128906249,False,REGULAR,USD,2026-02-20
AMZN260220P00120000,2025-10-23 14:29:30+00:00,120.0,0.33,0.28,0.32,-0.01999998,-5.71428,1.0,142,0.5043994873046875,False,REGULAR,USD,2026-02-20
AMZN260220P00125000,2025-10-17 16:38:06+00:00,125.0,0.61,0.35,0.42,0.0,0.0,1.0,87,0.49927258544921876,False,REGULAR,USD,2026-02-20
AMZN260220P00130000,2025-10-23 18:42:50+00:00,130.0,0.45,0.42,0.46,-0.07999998,-15.0943365,1.0,114,0.47559118164062497,False,REGULAR,USD,2026-02-20
AMZN260220P00135000,2025-10-23 17:56:11+00:00,135.0,0.53,0.51,0.55,-0.100000024,-15.873019,11.0,511,0.4594780615234375,False,REGULAR,USD,2026-02-20
AMZN260220P00140000,2025-10-22 14:52:06+00:00,140.0,0.75,0.61,0.65,0.0,0.0,1.0,1222,0.44287666503906253,False,REGULAR,USD,2026-02-20
AMZN260220P00145000,2025-10-23 16:27:35+00:00,145.0,0.78,0.74,0.78,-0.14000005,-15.217396,1.0,1086,0.4279842358398438,False,REGULAR,USD,2026-02-20
AMZN260220P00150000,2025-10-23 15:51:59+00:00,150.0,0.98,0.89,0.95,-0.13999999,-12.499998,144.0,1337,0.4149228430175781,False,REGULAR,USD,2026-02-20
AMZN260220P00155000,2025-10-23 19:31:13+00:00,155.0,1.14,1.09,1.14,-0.23000002,-16.788322,3.0,853,0.4008848974609375,False,REGULAR,USD,2026-02-20
AMZN260220P00160000,2025-10-23 14:46:24+00:00,160.0,1.45,1.35,1.39,-0.2299999,-13.690471,11.0,698,0.38867798828125,False,REGULAR,USD,2026-02-20
AMZN260220P00165000,2025-10-23 14:53:31+00:00,165.0,1.8,1.68,1.72,-0.36000013,-16.666674,4.0,878,0.37842418457031246,False,REGULAR,USD,2026-02-20
AMZN260220P00170000,2025-10-23 18:58:52+00:00,170.0,2.19,2.09,2.14,-0.39999986,-15.44401,73.0,2139,0.36939107177734376,False,REGULAR,USD,2026-02-20
AMZN260220P00175000,2025-10-23 19:59:39+00:00,175.0,2.66,2.62,2.68,-0.6299999,-19.148933,1014.0,2994,0.3618227880859375,False,REGULAR,USD,2026-02-20
AMZN260220P00180000,2025-10-22 15:45:47+00:00,180.0,3.35,3.25,3.35,-0.49,-12.760417,1.0,6191,0.35510898803710933,False,REGULAR,USD,2026-02-20
AMZN260220P00185000,2025-10-23 19:59:37+00:00,185.0,4.1,4.05,4.15,-0.8000002,-16.326534,13.0,5485,0.3484562225341796,False,REGULAR,USD,2026-02-20
AMZN260220P00190000,2025-10-23 19:18:32+00:00,190.0,5.2,5.05,5.15,-0.8000002,-13.333336,92.0,3664,0.34339035522460937,False,REGULAR,USD,2026-02-20
AMZN260220P00195000,2025-10-23 18:13:33+00:00,195.0,6.52,6.25,6.35,-0.98,-13.066667,59.0,3521,0.3390569024658203,False,REGULAR,USD,2026-02-20
AMZN260220P00200000,2025-10-23 19:57:05+00:00,200.0,7.69,7.65,7.75,-1.4599996,-15.95628,36.0,4075,0.33484551879882807,False,REGULAR,USD,2026-02-20
AMZN260220P00205000,2025-10-23 19:49:04+00:00,205.0,9.4,9.25,9.4,-1.5500002,-14.155252,25.0,2949,0.3315496533203125,False,REGULAR,USD,2026-02-20
AMZN260220P00210000,2025-10-23 17:15:40+00:00,210.0,11.55,11.15,11.3,-1.5100002,-11.562023,8.0,3834,0.32877258148193356,False,REGULAR,USD,2026-02-20
AMZN260220P00215000,2025-10-23 19:20:11+00:00,215.0,13.45,13.25,13.4,-1.5500002,-10.333334,17.0,1484,0.32529361236572263,False,REGULAR,USD,2026-02-20
AMZN260220P00220000,2025-10-23 19:53:31+00:00,220.0,15.7,15.65,15.8,-1.8699999,-10.643141,156.0,3851,0.32306585144042954,False,REGULAR,USD,2026-02-20
AMZN260220P00225000,2025-10-23 19:50:06+00:00,225.0,18.4,18.25,18.4,-1.9500008,-9.582314,12.0,1645,0.3200751586914062,True,REGULAR,USD,2026-02-20
AMZN260220P00230000,2025-10-23 15:04:49+00:00,230.0,21.75,21.05,21.25,-1.9500008,-8.227851,4.0,1014,0.31735912139892575,True,REGULAR,USD,2026-02-20
AMZN260220P00235000,2025-10-23 18:01:01+00:00,235.0,24.59,24.1,24.3,-2.3099995,-8.587358,33.0,772,0.31403273864746095,True,REGULAR,USD,2026-02-20
AMZN260220P00240000,2025-10-23 17:59:33+00:00,240.0,27.89,27.3,27.6,-1.9099998,-6.4093957,33.0,1292,0.3112251495361328,True,REGULAR,USD,2026-02-20
AMZN260220P00245000,2025-10-23 18:01:35+00:00,245.0,31.43,30.85,31.1,-1.5999985,-4.8440766,22.0,153,0.30820393951416014,True,REGULAR,USD,2026-02-20
AMZN260220P00250000,2025-10-23 18:50:01+00:00,250.0,35.29,34.55,34.8,-1.3699989,-3.7370403,23.0,48,0.3051827294921875,True,REGULAR,USD,2026-02-20
AMZN260220P00255000,2025-10-23 18:54:37+00:00,255.0,39.11,38.3,38.7,-1.6399994,-4.0245385,12.0,27,0.3025887612915039,True,REGULAR,USD,2026-02-20
AMZN260220P00260000,2025-10-23 17:43:50+00:00,260.0,43.32,42.4,42.7,-1.9700012,-4.3497486,8.0,79,0.2981027221679687,True,REGULAR,USD,2026-02-20
AMZN260220P00265000,2025-10-23 18:02:46+00:00,265.0,47.37,46.6,46.95,-1.9300003,-3.914808,8.0,137,0.29633272033691405,True,REGULAR,USD,2026-02-20
AMZN260220P00270000,2025-10-23 17:31:07+00:00,270.0,52.37,50.9,51.25,-1.5200005,-2.8205612,3.0,69,0.29181616394042953,True,REGULAR,USD,2026-02-20
AMZN260220P00275000,2025-10-22 15:24:56+00:00,275.0,58.42,55.4,55.75,0.0,0.0,2.0,83,0.2902292657470703,True,REGULAR,USD,2026-02-20
AMZN260220P00280000,2025-10-21 19:35:21+00:00,280.0,59.2,59.9,60.3,0.0,0.0,4.0,138,0.28650615844726557,True,REGULAR,USD,2026-02-20
AMZN260220P00285000,2025-10-20 19:49:25+00:00,285.0,69.17,63.7,65.0,0.0,0.0,9.0,11,0.28613995117187496,True,REGULAR,USD,2026-02-20
AMZN260220P00290000,2025-10-20 19:11:06+00:00,290.0,73.95,68.55,69.8,0.0,0.0,8.0,11,0.28833719482421866,True,REGULAR,USD,2026-02-20
AMZN260220P00295000,2025-10-20 17:59:23+00:00,295.0,79.65,73.2,75.3,0.0,0.0,8.0,15,0.3320379296875,True,REGULAR,USD,2026-02-20
AMZN260220P00300000,2025-10-14 16:02:35+00:00,300.0,82.48,78.1,80.1,0.0,0.0,2.0,2,0.334967587890625,True,REGULAR,USD,2026-02-20
AMZN260220P00305000,2025-10-14 13:43:19+00:00,305.0,91.75,82.85,85.15,0.0,0.0,1.0,1,0.35169105346679685,True,REGULAR,USD,2026-02-20
AMZN260220P00310000,2025-10-09 13:51:59+00:00,310.0,88.1,87.75,90.05,0.0,0.0,1.0,0,0.3588931298828125,True,REGULAR,USD,2026-02-20
AMZN260220P00315000,2025-09-18 13:47:25+00:00,315.0,85.93,100.6,103.15,0.0,0.0,1.0,0,0.6221961608886719,True,REGULAR,USD,2026-02-20
AMZN260220P00320000,2025-10-13 15:27:02+00:00,320.0,99.7,97.75,100.0,0.0,0.0,,0,0.3809876354980468,True,REGULAR,USD,2026-02-20
AMZN260220P00325000,2025-10-13 15:27:02+00:00,325.0,104.66,102.65,105.1,0.0,0.0,,0,0.4000304138183594,True,REGULAR,USD,2026-02-20
AMZN260220P00350000,2025-09-19 19:50:00+00:00,350.0,118.55,134.75,135.1,0.0,0.0,1.0,0,0.6689486230468751,True,REGULAR,USD,2026-02-20
AMZN260320P00085000,2025-10-22 14:33:37+00:00,85.0,0.11,0.1,0.15,0.0,0.0,1.0,722,0.6113320117187502,False,REGULAR,USD,2026-03-20
AMZN260320P00090000,2025-10-17 18:35:49+00:00,90.0,0.21,0.1,0.18,0.0,0.0,1.0,109,0.584965087890625,False,REGULAR,USD,2026-03-20
AMZN260320P00095000,2025-10-20 13:41:53+00:00,95.0,0.19,0.12,0.21,0.0,0.0,2.0,360,0.5634809277343751,False,REGULAR,USD,2026-03-20
AMZN260320P00100000,2025-10-22 14:10:31+00:00,100.0,0.23,0.16,0.24,0.0,0.0,20.0,316,0.5449264257812501,False,REGULAR,USD,2026-03-20
AMZN260320P00105000,2025-10-21 19:49:21+00:00,105.0,0.3,0.21,0.29,0.0,0.0,16.0,614,0.5302781347656251,False,REGULAR,USD,2026-03-20
AMZN260320P00110000,2025-10-22 17:32:07+00:00,110.0,0.34,0.27,0.31,0.0,0.0,5.0,1039,0.5102588037109376,False,REGULAR,USD,2026-03-20
AMZN260320P00115000,2025-10-21 17:22:22+00:00,115.0,0.38,0.33,0.41,0.0,0.0,8.0,289,0.5063525927734375,False,REGULAR,USD,2026-03-20
AMZN260320P00120000,2025-10-23 15:27:28+00:00,120.0,0.45,0.39,0.44,0.00999999,2.272725,3.0,1786,0.4819387744140625,False,REGULAR,USD,2026-03-20
AMZN260320P00125000,2025-10-21 13:39:45+00:00,125.0,0.62,0.47,0.53,0.0,0.0,1.0,1455,0.4672904833984375,False,REGULAR,USD,2026-03-20
AMZN260320P00130000,2025-10-23 19:59:53+00:00,130.0,0.6,0.57,0.62,-0.099999964,-14.285709,2.0,2118,0.45093322509765627,False,REGULAR,USD,2026-03-20
AMZN260320P00135000,2025-10-23 17:09:02+00:00,135.0,0.73,0.68,0.74,-0.16999996,-18.888885,1.0,856,0.43677321044921874,False,REGULAR,USD,2026-03-20
AMZN260320P00140000,2025-10-23 17:38:40+00:00,140.0,0.88,0.83,0.88,-0.00999999,-1.1235944,3.0,2244,0.4226131958007812,False,REGULAR,USD,2026-03-20
AMZN260320P00145000,2025-10-23 18:42:12+00:00,145.0,1.05,1.0,1.05,-0.00999999,-0.9433954,1.0,3801,0.4094297338867187,False,REGULAR,USD,2026-03-20
AMZN260320P00150000,2025-10-23 17:42:12+00:00,150.0,1.26,1.21,1.26,-0.19000006,-13.103452,4.0,5408,0.39722282470703124,False,REGULAR,USD,2026-03-20
AMZN260320P00155000,2025-10-23 19:29:15+00:00,155.0,1.52,1.47,1.55,-0.39,-20.418848,2.0,5382,0.38757936645507807,False,REGULAR,USD,2026-03-20
AMZN260320P00160000,2025-10-23 19:32:46+00:00,160.0,1.85,1.8,1.9,-0.25999987,-12.322269,14.0,11722,0.37842418457031246,False,REGULAR,USD,2026-03-20
AMZN260320P00165000,2025-10-23 17:42:12+00:00,165.0,2.32,2.21,2.3,-0.24000001,-9.375,13.0,5186,0.36865865722656255,False,REGULAR,USD,2026-03-20
AMZN260320P00170000,2025-10-23 16:43:03+00:00,170.0,2.83,2.67,2.81,-0.42000008,-12.9230795,94.0,5641,0.36048002807617185,False,REGULAR,USD,2026-03-20
AMZN260320P00175000,2025-10-23 19:31:08+00:00,175.0,3.41,3.3,3.55,-0.5899999,-14.749998,10.0,6841,0.3570620935058594,False,REGULAR,USD,2026-03-20
AMZN260320P00180000,2025-10-23 16:25:18+00:00,180.0,4.35,4.05,4.2,-0.55999994,-11.405294,138.0,8085,0.34680828979492184,False,REGULAR,USD,2026-03-20
AMZN260320P00185000,2025-10-23 18:57:56+00:00,185.0,5.2,4.95,5.3,-0.72000027,-12.162168,72.0,2414,0.34613690979003897,False,REGULAR,USD,2026-03-20
AMZN260320P00190000,2025-10-23 17:59:00+00:00,190.0,6.25,6.05,6.2,-0.9000001,-12.587414,83.0,7119,0.335944140625,False,REGULAR,USD,2026-03-20
AMZN260320P00195000,2025-10-23 19:17:21+00:00,195.0,7.55,7.3,7.6,-1.1999998,-13.714284,74.0,6371,0.33423517333984376,False,REGULAR,USD,2026-03-20
AMZN260320P00200000,2025-10-23 19:57:05+00:00,200.0,8.97,8.8,8.95,-1.2299995,-12.058819,905.0,12025,0.32721620056152345,False,REGULAR,USD,2026-03-20
AMZN260320P00205000,2025-10-23 18:03:55+00:00,205.0,10.82,10.5,10.65,-1.2300005,-10.207473,57.0,3462,0.32367619689941396,False,REGULAR,USD,2026-03-20
AMZN260320P00210000,2025-10-23 16:17:34+00:00,210.0,12.9,12.4,12.55,-1.46,-10.167131,24.0,3943,0.31995308959960933,False,REGULAR,USD,2026-03-20
AMZN260320P00215000,2025-10-23 19:20:40+00:00,215.0,14.7,14.55,14.7,-1.6300001,-9.98163,27.0,4293,0.31690136230468746,False,REGULAR,USD,2026-03-20
AMZN260320P00220000,2025-10-23 19:41:00+00:00,220.0,17.08,16.9,17.05,-2.0499992,-10.716149,35.0,6829,0.3135139450073242,False,REGULAR,USD,2026-03-20
AMZN260320P00225000,2025-10-23 19:50:00+00:00,225.0,19.6,19.45,19.75,-1.9699993,-9.133053,23.0,1747,0.3124153231811523,True,REGULAR,USD,2026-03-20
AMZN260320P00230000,2025-10-23 16:54:16+00:00,230.0,22.81,22.25,22.45,-1.710001,-6.973902,17.0,1792,0.3074410076904296,True,REGULAR,USD,2026-03-20
AMZN260320P00235000,2025-10-23 19:19:06+00:00,235.0,25.55,24.85,25.8,-2.0500011,-7.427541,8.0,1568,0.3103096313476562,True,REGULAR,USD,2026-03-20
AMZN260320P00240000,2025-10-23 16:57:16+00:00,240.0,29.16,28.4,29.3,-1.6399994,-5.3246737,20.0,848,0.3124458404541015,True,REGULAR,USD,2026-03-20
AMZN260320P00245000,2025-10-23 17:44:57+00:00,245.0,32.65,31.85,32.15,-1.6299973,-4.7549515,24.0,747,0.2985299639892578,True,REGULAR,USD,2026-03-20
AMZN260320P00250000,2025-10-23 18:42:15+00:00,250.0,36.12,35.45,35.75,-1.8500023,-4.8722734,26.0,618,0.29505099487304687,True,REGULAR,USD,2026-03-20
AMZN260320P00255000,2025-10-23 18:58:50+00:00,255.0,39.91,39.2,40.35,-2.8100014,-6.5777183,10.0,151,0.3094856649780273,True,REGULAR,USD,2026-03-20
AMZN260320P00260000,2025-10-23 19:40:08+00:00,260.0,43.39,43.15,43.5,-1.8400002,-4.0680966,10.0,133,0.2885813330078124,True,REGULAR,USD,2026-03-20
AMZN260320P00265000,2025-10-23 17:26:11+00:00,265.0,48.63,47.25,47.6,-0.8499985,-1.7178627,4.0,272,0.28504132934570303,True,REGULAR,USD,2026-03-20
AMZN260320P00270000,2025-10-23 17:49:35+00:00,270.0,52.4,51.5,51.85,-1.2999992,-2.420855,3.0,183,0.28174546386718746,True,REGULAR,USD,2026-03-20
AMZN260320P00275000,2025-10-23 19:20:06+00:00,275.0,56.3,55.15,56.25,-1.75,-3.0146425,5.0,55,0.27930408203124996,True,REGULAR,USD,2026-03-20
AMZN260320P00280000,2025-10-22 13:47:12+00:00,280.0,62.77,60.4,61.1,0.0,0.0,3.0,68,0.2898020239257812,True,REGULAR,USD,2026-03-20
AMZN260320P00285000,2025-10-23 17:25:58+00:00,285.0,66.41,64.1,65.35,-0.9599991,-1.4249651,2.0,69,0.27466545654296876,True,REGULAR,USD,2026-03-20
AMZN260320P00290000,2025-10-23 17:24:07+00:00,290.0,70.96,69.6,70.05,1.949997,2.8256729,2.0,34,0.2738109729003906,True,REGULAR,USD,2026-03-20
AMZN260320P00295000,2025-10-23 17:22:21+00:00,295.0,75.68,74.3,75.5,1.9000015,2.5752258,2.0,3,0.3086616986083984,True,REGULAR,USD,2026-03-20
AMZN260320P00300000,2025-10-23 17:25:21+00:00,300.0,80.59,79.1,79.6,-2.2600021,-2.727824,2.0,2,0.27136959106445313,True,REGULAR,USD,2026-03-20
AMZN260320P00305000,2025-10-23 17:23:14+00:00,305.0,85.22,83.1,85.15,2.130005,2.5634913,2.0,1,0.31702343139648437,True,REGULAR,USD,2026-03-20
AMZN260320P00310000,2025-07-28 18:43:02+00:00,310.0,77.24,90.0,90.45,0.0,0.0,,0,0.3446110461425781,True,REGULAR,USD,2026-03-20
AMZN260320P00320000,2025-10-23 14:45:16+00:00,320.0,99.8,97.8,99.95,-3.5499954,-3.4349256,1.0,0,0.3403386279296875,True,REGULAR,USD,2026-03-20
AMZN260320P00325000,2025-09-29 19:50:00+00:00,325.0,102.55,102.75,105.05,0.0,0.0,1.0,0,0.3575503698730469,True,REGULAR,USD,2026-03-20
AMZN260320P00330000,2025-06-04 18:03:25+00:00,330.0,122.45,106.1,107.15,0.0,0.0,270.0,0,1.0000000000000003e-05,True,REGULAR,USD,2026-03-20
AMZN260320P00350000,2025-10-22 19:35:10+00:00,350.0,131.87,127.8,129.95,0.0,0.0,2.0,0,0.4027159338378906,True,REGULAR,USD,2026-03-20
AMZN260320P00360000,2025-10-14 13:43:19+00:00,360.0,146.75,137.85,139.95,0.0,0.0,1.0,0,0.42188078125,True,REGULAR,USD,2026-03-20
AMZN260417P00115000,2025-10-21 19:48:21+00:00,115.0,0.48,0.43,0.5,0.0,0.0,6.0,263,0.47949739257812496,False,REGULAR,USD,2026-04-17
AMZN260417P00120000,2025-10-21 18:31:40+00:00,120.0,0.54,0.5,0.58,0.0,0.0,2.0,81,0.46289599609375004,False,REGULAR,USD,2026-04-17
AMZN260417P00125000,2025-10-20 19:16:22+00:00,125.0,0.8,0.57,0.7,0.0,0.0,3.0,53,0.44995667236328124,False,REGULAR,USD,2026-04-17
AMZN260417P00130000,2025-10-21 19:47:55+00:00,130.0,0.79,0.72,0.82,0.0,0.0,53.0,115,0.43530838134765626,False,REGULAR,USD,2026-04-17
AMZN260417P00135000,2025-10-22 17:13:53+00:00,135.0,1.05,0.87,0.95,0.0,0.0,2.0,54,0.4202938830566406,False,REGULAR,USD,2026-04-17
AMZN260417P00140000,2025-10-22 14:11:36+00:00,140.0,1.25,1.05,1.12,0.0,0.0,2.0,908,0.407232490234375,False,REGULAR,USD,2026-04-17
AMZN260417P00145000,2025-10-21 19:57:00+00:00,145.0,1.36,1.25,1.33,0.0,0.0,1.0,184,0.3952697192382813,False,REGULAR,USD,2026-04-17
AMZN260417P00150000,2025-10-22 17:13:32+00:00,150.0,1.8,1.5,1.59,0.0,0.0,13.0,762,0.3842835009765625,False,REGULAR,USD,2026-04-17
AMZN260417P00155000,2025-10-22 14:00:28+00:00,155.0,2.15,1.82,1.91,0.0,0.0,1.0,304,0.37439590454101557,False,REGULAR,USD,2026-04-17
AMZN260417P00160000,2025-10-21 16:29:35+00:00,160.0,2.25,2.21,2.31,0.0,0.0,24.0,1175,0.3657289990234375,False,REGULAR,USD,2026-04-17
AMZN260417P00165000,2025-10-23 19:55:00+00:00,165.0,2.71,2.69,2.79,-0.53999996,-16.615383,307.0,1023,0.3575503698730469,False,REGULAR,USD,2026-04-17
AMZN260417P00170000,2025-10-22 13:30:05+00:00,170.0,3.7,3.25,3.4,0.0,0.0,1.0,996,0.35108070800781244,False,REGULAR,USD,2026-04-17
AMZN260417P00175000,2025-10-22 17:33:11+00:00,175.0,4.72,3.95,4.1,0.0,0.0,21.0,456,0.34430587341308594,False,REGULAR,USD,2026-04-17
AMZN260417P00180000,2025-10-23 16:38:48+00:00,180.0,5.05,4.8,4.95,-0.75,-12.931034,30.0,1648,0.3386296606445312,False,REGULAR,USD,2026-04-17
AMZN260417P00185000,2025-10-23 17:58:55+00:00,185.0,6.0,5.75,5.95,-0.8000002,-11.764708,40.0,1204,0.3334417242431641,False,REGULAR,USD,2026-04-17
AMZN260417P00190000,2025-10-23 19:53:45+00:00,190.0,7.02,6.95,7.1,-0.7800002,-10.000003,82.0,4066,0.3283758569335937,False,REGULAR,USD,2026-04-17
AMZN260417P00195000,2025-10-23 19:53:36+00:00,195.0,8.4,8.25,8.45,-1.2000008,-12.500008,368.0,1349,0.32413395599365225,False,REGULAR,USD,2026-04-17
AMZN260417P00200000,2025-10-23 19:53:45+00:00,200.0,9.87,9.8,10.0,-1.4499998,-12.809186,58.0,3620,0.3203803314208984,False,REGULAR,USD,2026-04-17
AMZN260417P00205000,2025-10-23 17:29:02+00:00,205.0,12.15,11.5,11.75,-1.0,-7.6045628,4.0,1757,0.31690136230468746,False,REGULAR,USD,2026-04-17
AMZN260417P00210000,2025-10-23 17:29:35+00:00,210.0,14.15,13.5,13.7,-0.9000006,-5.9800706,4.0,1091,0.313483427734375,False,REGULAR,USD,2026-04-17
AMZN260417P00215000,2025-10-23 19:13:48+00:00,215.0,15.95,15.65,15.85,-1.670001,-9.477872,165.0,467,0.3100349758911133,False,REGULAR,USD,2026-04-17
AMZN260417P00220000,2025-10-23 19:54:30+00:00,220.0,18.1,18.0,18.2,-1.8099995,-9.090906,20.0,997,0.30652548950195313,False,REGULAR,USD,2026-04-17
AMZN260417P00225000,2025-10-23 19:07:43+00:00,225.0,21.0,20.55,20.8,-1.5,-6.6666665,165.0,1683,0.3037484176635742,True,REGULAR,USD,2026-04-17
AMZN260417P00230000,2025-10-23 19:36:36+00:00,230.0,23.6,23.3,23.6,-1.7399998,-6.866613,23.0,190,0.3009103112792969,True,REGULAR,USD,2026-04-17
AMZN260417P00235000,2025-10-23 16:05:56+00:00,235.0,27.08,26.3,26.6,-1.3700008,-4.815469,8.0,529,0.29801117034912106,True,REGULAR,USD,2026-04-17
AMZN260417P00240000,2025-10-23 18:56:33+00:00,240.0,30.04,29.4,29.8,-1.6099987,-5.086884,22.0,214,0.2952340985107421,True,REGULAR,USD,2026-04-17
AMZN260417P00245000,2025-10-23 19:05:27+00:00,245.0,33.42,32.75,33.2,-1.8100014,-5.1376705,32.0,16,0.2926096130371093,True,REGULAR,USD,2026-04-17
AMZN260417P00250000,2025-10-23 18:59:57+00:00,250.0,36.99,36.25,36.75,-1.1099968,-2.9133775,18.0,42,0.289496851196289,True,REGULAR,USD,2026-04-17
AMZN260417P00255000,2025-10-23 19:05:24+00:00,255.0,40.8,40.0,40.45,-0.8199997,-1.9702059,14.0,15,0.2859568475341796,True,REGULAR,USD,2026-04-17
AMZN260417P00260000,2025-10-23 18:58:53+00:00,260.0,44.6,43.85,44.35,-1.0,-2.1929824,16.0,24,0.28321029296874994,True,REGULAR,USD,2026-04-17
AMZN260417P00265000,2025-10-22 16:30:38+00:00,265.0,50.4,47.0,49.1,0.0,0.0,3.0,20,0.29621065124511714,True,REGULAR,USD,2026-04-17
AMZN260417P00270000,2025-10-23 16:15:34+00:00,270.0,53.19,51.25,53.2,-0.6000023,-1.1154532,5.0,28,0.29291478576660146,True,REGULAR,USD,2026-04-17
AMZN260417P00275000,2025-10-21 15:24:39+00:00,275.0,55.9,55.45,57.55,0.0,0.0,2.0,62,0.2929453030395507,True,REGULAR,USD,2026-04-17
AMZN260417P00280000,2025-10-22 16:07:12+00:00,280.0,62.95,60.75,61.25,0.0,0.0,4.0,13,0.27075924560546877,True,REGULAR,USD,2026-04-17
AMZN260417P00285000,2025-10-20 15:16:42+00:00,285.0,71.26,64.4,65.75,0.0,0.0,4.0,101,0.26746338012695314,True,REGULAR,USD,2026-04-17
AMZN260417P00290000,2025-10-23 19:17:12+00:00,290.0,70.45,69.0,70.35,-5.6399994,-7.4122744,2.0,20,0.264655791015625,True,REGULAR,USD,2026-04-17
AMZN260417P00295000,2025-10-20 17:58:25+00:00,295.0,79.87,74.55,75.0,0.0,0.0,14.0,8,0.260749580078125,True,REGULAR,USD,2026-04-17
AMZN260417P00300000,2025-10-21 17:20:05+00:00,300.0,79.35,78.4,79.75,0.0,0.0,2.0,1,0.25843026733398444,True,REGULAR,USD,2026-04-17
AMZN260417P00320000,2025-09-16 16:14:15+00:00,320.0,84.53,106.6,107.35,0.0,0.0,,0,0.5303391693115236,True,REGULAR,USD,2026-04-17
AMZN260417P00330000,2025-09-18 17:28:41+00:00,330.0,97.4,115.65,118.45,0.0,0.0,,0,0.5582014395141602,True,REGULAR,USD,2026-04-17
AMZN260417P00340000,2025-09-08 15:35:00+00:00,340.0,102.8,0.0,0.0,0.0,0.0,,0,1.0000000000000003e-05,True,REGULAR,USD,2026-04-17
AMZN260417P00350000,2025-09-15 13:34:35+00:00,350.0,118.3,0.0,0.0,0.0,0.0,,0,1.0000000000000003e-05,True,REGULAR,USD,2026-04-17
AMZN260515P00105000,2025-10-23 18:40:57+00:00,105.0,0.47,0.41,0.49,-0.21000001,-30.882353,1.0,358,0.49927258544921876,False,REGULAR,USD,2026-05-15
AMZN260515P00110000,2025-10-17 18:41:10+00:00,110.0,0.79,0.49,0.57,0.0,0.0,1.0,56,0.4826711889648438,False,REGULAR,USD,2026-05-15
AMZN260515P00115000,2025-10-17 18:40:16+00:00,115.0,0.94,0.59,0.67,0.0,0.0,1.0,46,0.4679008288574219,False,REGULAR,USD,2026-05-15
AMZN260515P00120000,2025-10-21 14:44:03+00:00,120.0,0.82,0.71,0.79,0.0,0.0,1.0,77,0.4539849523925781,False,REGULAR,USD,2026-05-15
AMZN260515P00125000,2025-10-23 19:58:27+00:00,125.0,0.88,0.84,0.92,-0.48000002,-35.294117,1.0,53,0.43970286865234376,False,REGULAR,USD,2026-05-15
AMZN260515P00130000,2025-10-17 16:43:47+00:00,130.0,1.62,0.99,1.08,0.0,0.0,1.0,96,0.42676354492187507,False,REGULAR,USD,2026-05-15
AMZN260515P00135000,2025-10-14 15:38:47+00:00,135.0,1.72,1.18,1.26,0.0,0.0,1.0,51,0.41370215209960937,False,REGULAR,USD,2026-05-15
AMZN260515P00140000,2025-10-16 18:28:56+00:00,140.0,2.37,1.41,1.49,0.0,0.0,10.0,41,0.4024717956542969,False,REGULAR,USD,2026-05-15
AMZN260515P00145000,2025-10-23 16:43:03+00:00,145.0,1.78,1.67,1.77,-0.17000008,-8.717953,1.0,374,0.3922179919433594,False,REGULAR,USD,2026-05-15
AMZN260515P00150000,2025-10-22 13:48:46+00:00,150.0,2.35,2.0,2.1,0.0,0.0,2.0,520,0.38233039550781245,False,REGULAR,USD,2026-05-15
AMZN260515P00155000,2025-10-21 18:43:17+00:00,155.0,2.49,2.4,2.51,0.0,0.0,2.0,729,0.3737855590820312,False,REGULAR,USD,2026-05-15
AMZN260515P00160000,2025-10-22 15:38:38+00:00,160.0,3.35,2.89,3.0,0.0,0.0,42.0,1724,0.36597313720703123,False,REGULAR,USD,2026-05-15
AMZN260515P00165000,2025-10-22 14:47:04+00:00,165.0,4.15,3.45,3.6,0.0,0.0,1.0,224,0.3593203717041016,False,REGULAR,USD,2026-05-15
AMZN260515P00170000,2025-10-21 19:55:19+00:00,170.0,4.3,4.15,4.3,0.0,0.0,112.0,240,0.3529117443847656,False,REGULAR,USD,2026-05-15
AMZN260515P00175000,2025-10-22 19:08:51+00:00,175.0,5.88,4.95,5.1,0.0,0.0,8.0,1077,0.3465336343383788,False,REGULAR,USD,2026-05-15
AMZN260515P00180000,2025-10-23 13:58:03+00:00,180.0,6.3,5.9,6.1,-0.2999997,-4.54545,2.0,2010,0.342230698852539,False,REGULAR,USD,2026-05-15
AMZN260515P00185000,2025-10-23 17:28:11+00:00,185.0,7.4,7.0,7.2,-0.74000025,-9.090912,1.0,785,0.3371648315429688,False,REGULAR,USD,2026-05-15
AMZN260515P00190000,2025-10-23 17:13:07+00:00,190.0,8.6,8.25,8.45,-0.6700001,-7.2276163,57.0,482,0.33228206787109377,False,REGULAR,USD,2026-05-15
AMZN260515P00195000,2025-10-23 18:07:06+00:00,195.0,10.05,9.7,10.1,-0.9200001,-8.386509,43.0,4014,0.3320074124145508,False,REGULAR,USD,2026-05-15
AMZN260515P00200000,2025-10-23 14:20:15+00:00,200.0,11.85,11.3,11.55,-1.21,-9.264931,3.0,2959,0.3249579223632812,False,REGULAR,USD,2026-05-15
AMZN260515P00205000,2025-10-22 18:46:41+00:00,205.0,14.98,13.1,13.35,0.0,0.0,5.0,1676,0.32117378051757806,False,REGULAR,USD,2026-05-15
AMZN260515P00210000,2025-10-23 17:07:39+00:00,210.0,15.6,15.1,15.35,-1.5200005,-8.878507,2.0,2680,0.31772532867431635,False,REGULAR,USD,2026-05-15
AMZN260515P00215000,2025-10-22 18:41:50+00:00,215.0,19.53,17.3,17.55,0.0,0.0,21.0,281,0.3145515322875976,False,REGULAR,USD,2026-05-15
AMZN260515P00220000,2025-10-23 19:24:58+00:00,220.0,19.95,19.7,19.9,-1.7099991,-7.8947325,19.0,1585,0.3107979077148437,False,REGULAR,USD,2026-05-15
AMZN260515P00225000,2025-10-23 18:54:15+00:00,225.0,22.7,22.25,22.5,-2.0199986,-8.171515,8.0,1151,0.30799031860351556,True,REGULAR,USD,2026-05-15
AMZN260515P00230000,2025-10-23 19:01:52+00:00,230.0,25.45,24.95,25.25,-2.1299992,-7.7229843,18.0,1198,0.30463341857910153,True,REGULAR,USD,2026-05-15
AMZN260515P00235000,2025-10-23 17:56:27+00:00,235.0,28.49,27.9,28.2,-2.210001,-7.1987,24.0,1636,0.30152065673828127,True,REGULAR,USD,2026-05-15
AMZN260515P00240000,2025-10-23 15:38:44+00:00,240.0,32.09,30.95,31.3,-0.6399994,-1.9553908,20.0,283,0.2979196185302734,True,REGULAR,USD,2026-05-15
AMZN260515P00245000,2025-10-23 17:47:39+00:00,245.0,35.04,34.15,34.65,-1.8400002,-4.9891543,18.0,76,0.2954782366943359,True,REGULAR,USD,2026-05-15
AMZN260515P00250000,2025-10-23 18:54:46+00:00,250.0,38.37,37.6,38.1,-1.420002,-3.5687408,12.0,151,0.29193823303222644,True,REGULAR,USD,2026-05-15
AMZN260515P00255000,2025-10-23 19:35:17+00:00,255.0,41.66,41.15,41.75,-2.9500008,-6.6128683,8.0,93,0.2890696093749999,True,REGULAR,USD,2026-05-15
AMZN260515P00260000,2025-10-22 18:56:24+00:00,260.0,48.48,44.95,45.5,0.0,0.0,4.0,40,0.28519391571044916,True,REGULAR,USD,2026-05-15
AMZN260515P00265000,2025-10-23 15:39:57+00:00,265.0,50.26,48.85,49.4,-2.300003,-4.375957,2.0,29,0.28134873931884763,True,REGULAR,USD,2026-05-15
AMZN260515P00270000,2025-10-21 18:25:58+00:00,270.0,52.25,52.9,53.45,0.0,0.0,6.0,18,0.2777477011108398,True,REGULAR,USD,2026-05-15
AMZN260515P00275000,2025-10-21 18:30:58+00:00,275.0,56.38,57.1,57.65,0.0,0.0,4.0,58,0.27466545654296876,True,REGULAR,USD,2026-05-15
AMZN260515P00280000,2025-10-21 18:25:34+00:00,280.0,60.69,61.4,61.95,0.0,0.0,2.0,36,0.271217004699707,True,REGULAR,USD,2026-05-15
AMZN260515P00285000,2025-10-20 18:46:51+00:00,285.0,70.74,65.75,66.35,0.0,0.0,4.0,64,0.2676464837646484,True,REGULAR,USD,2026-05-15
AMZN260515P00290000,2025-10-20 15:11:29+00:00,290.0,76.05,69.55,71.55,0.0,0.0,2.0,52,0.28626202026367187,True,REGULAR,USD,2026-05-15
AMZN260515P00295000,2025-10-23 19:43:51+00:00,295.0,75.1,73.95,76.3,-5.840004,-7.2152257,2.0,45,0.2909616802978515,True,REGULAR,USD,2026-05-15
AMZN260515P00300000,2025-10-20 15:12:08+00:00,300.0,85.48,79.5,80.1,0.0,0.0,5.0,20,0.2576978527832031,True,REGULAR,USD,2026-05-15
AMZN260515P00305000,2025-10-20 15:13:08+00:00,305.0,90.44,84.25,84.8,0.0,0.0,2.0,1,0.25312026184082037,True,REGULAR,USD,2026-05-15
AMZN260515P00320000,2025-09-19 15:01:01+00:00,320.0,86.0,104.8,105.15,0.0,0.0,10.0,0,0.45264219238281256,True,REGULAR,USD,2026-05-15
AMZN260515P00330000,2025-09-18 13:52:31+00:00,330.0,100.38,116.5,117.4,0.0,0.0,,0,0.5165758792114258,True,REGULAR,USD,2026-05-15
AMZN260618P00075000,2025-10-23 16:13:49+00:00,75.0,0.18,0.15,0.2,-0.019999996,-9.999997,10.0,1543,0.5654340332031251,False,REGULAR,USD,2026-06-18
AMZN260618P00080000,2025-10-17 18:50:22+00:00,80.0,0.31,0.22,0.24,0.0,0.0,1.0,918,0.55273884765625,False,REGULAR,USD,2026-06-18
AMZN260618P00085000,2025-10-17 18:49:50+00:00,85.0,0.38,0.24,0.29,0.0,0.0,1.0,298,0.5312546875,False,REGULAR,USD,2026-06-18
AMZN260618P00090000,2025-10-22 15:20:55+00:00,90.0,0.39,0.3,0.35,0.0,0.0,5.0,240,0.5163622583007812,False,REGULAR,USD,2026-06-18
AMZN260618P00095000,2025-10-22 14:27:05+00:00,95.0,0.46,0.37,0.42,0.0,0.0,32.0,276,0.5017139672851563,False,REGULAR,USD,2026-06-18
AMZN260618P00100000,2025-10-23 18:30:16+00:00,100.0,0.47,0.45,0.49,-0.059999973,-11.32075,50.0,4005,0.4897511962890626,False,REGULAR,USD,2026-06-18
AMZN260618P00105000,2025-10-22 14:55:25+00:00,105.0,0.64,0.53,0.58,0.0,0.0,2.0,1896,0.47510290527343746,False,REGULAR,USD,2026-06-18
AMZN260618P00110000,2025-10-17 18:44:52+00:00,110.0,0.96,0.63,0.68,0.0,0.0,1.0,3554,0.4606987524414063,False,REGULAR,USD,2026-06-18
AMZN260618P00115000,2025-10-21 19:12:09+00:00,115.0,0.77,0.75,0.8,0.0,0.0,500.0,952,0.44714908325195313,False,REGULAR,USD,2026-06-18
AMZN260618P00120000,2025-10-23 15:35:56+00:00,120.0,0.91,0.88,0.93,-0.06999999,-7.142856,2.0,1811,0.43335527587890627,False,REGULAR,USD,2026-06-18
AMZN260618P00125000,2025-10-21 19:27:12+00:00,125.0,1.09,1.04,1.09,0.0,0.0,16.0,4701,0.42090422851562503,False,REGULAR,USD,2026-06-18
AMZN260618P00130000,2025-10-22 19:50:56+00:00,130.0,1.43,1.22,1.29,0.0,0.0,5.0,3896,0.40991801025390623,False,REGULAR,USD,2026-06-18
AMZN260618P00135000,2025-10-21 18:58:24+00:00,135.0,1.49,1.44,1.52,0.0,0.0,9.0,4053,0.39905386108398444,False,REGULAR,USD,2026-06-18
AMZN260618P00140000,2025-10-22 17:39:41+00:00,140.0,2.04,1.71,1.82,0.0,0.0,5.0,3314,0.3903259210205078,False,REGULAR,USD,2026-06-18
AMZN260618P00145000,2025-10-21 19:26:30+00:00,145.0,2.1,2.02,2.11,0.0,0.0,712.0,3880,0.37915659912109373,False,REGULAR,USD,2026-06-18
AMZN260618P00150000,2025-10-23 19:34:01+00:00,150.0,2.46,2.4,2.48,0.01999998,0.81967133,4.0,6544,0.3698183135986328,False,REGULAR,USD,2026-06-18
AMZN260618P00155000,2025-10-23 19:17:08+00:00,155.0,2.95,2.85,3.05,-0.38999987,-11.676642,209.0,5056,0.3657289990234375,False,REGULAR,USD,2026-06-18
AMZN260618P00160000,2025-10-23 19:55:19+00:00,160.0,3.5,3.4,3.5,-0.45000005,-11.3924055,223.0,10601,0.35510898803710933,False,REGULAR,USD,2026-06-18
AMZN260618P00165000,2025-10-23 19:58:14+00:00,165.0,4.11,4.0,4.15,-0.53999996,-11.612903,162.0,5968,0.34857829162597653,False,REGULAR,USD,2026-06-18
AMZN260618P00170000,2025-10-23 18:36:14+00:00,170.0,4.95,4.8,4.9,-0.4000001,-7.476637,107.0,10865,0.3423832852172851,False,REGULAR,USD,2026-06-18
AMZN260618P00175000,2025-10-23 19:56:28+00:00,175.0,5.77,5.65,5.8,-0.7600002,-11.638595,81.0,5238,0.33728690063476563,False,REGULAR,USD,2026-06-18
AMZN260618P00180000,2025-10-23 18:36:14+00:00,180.0,6.9,6.65,6.8,-0.78999996,-10.273082,58.0,9262,0.33185482604980465,False,REGULAR,USD,2026-06-18
AMZN260618P00185000,2025-10-23 18:20:29+00:00,185.0,7.95,7.85,8.0,-0.7600002,-8.725605,84.0,4530,0.32791809783935544,False,REGULAR,USD,2026-06-18
AMZN260618P00190000,2025-10-23 18:21:08+00:00,190.0,9.3,9.15,9.3,-1.0,-9.708737,120.0,9416,0.32318792053222645,False,REGULAR,USD,2026-06-18
AMZN260618P00195000,2025-10-23 19:44:04+00:00,195.0,10.75,10.35,10.85,-1.25,-10.416667,645.0,4121,0.32022774505615226,False,REGULAR,USD,2026-06-18
AMZN260618P00200000,2025-10-23 18:38:17+00:00,200.0,12.65,12.3,12.5,-1.1000004,-8.000003,66.0,13052,0.3162604995727538,False,REGULAR,USD,2026-06-18
AMZN260618P00205000,2025-10-23 19:29:50+00:00,205.0,14.38,14.15,14.35,-1.2699995,-8.115013,29.0,2440,0.3128120477294921,False,REGULAR,USD,2026-06-18
AMZN260618P00210000,2025-10-23 18:03:55+00:00,210.0,16.55,16.15,16.35,-1.1500015,-6.4971833,16.0,11064,0.3090889404296875,False,REGULAR,USD,2026-06-18
AMZN260618P00215000,2025-10-23 18:44:27+00:00,215.0,18.5,18.35,18.55,-1.6499996,-8.188584,14.0,3801,0.30573204040527346,False,REGULAR,USD,2026-06-18
AMZN260618P00220000,2025-10-23 19:29:13+00:00,220.0,20.95,20.75,20.95,-1.6999989,-7.5055137,95.0,5307,0.3027108303833008,False,REGULAR,USD,2026-06-18
AMZN260618P00225000,2025-10-23 18:43:08+00:00,225.0,23.75,23.3,23.5,-1.5499992,-6.126479,24.0,2525,0.29929289581298824,True,REGULAR,USD,2026-06-18
AMZN260618P00230000,2025-10-23 17:06:06+00:00,230.0,26.2,26.0,26.25,-1.9499989,-6.9271717,322.0,2330,0.2961801339721679,True,REGULAR,USD,2026-06-18
AMZN260618P00235000,2025-10-22 19:54:40+00:00,235.0,29.1,28.9,29.15,-2.0,-6.430868,8.0,1224,0.29273168212890616,True,REGULAR,USD,2026-06-18
AMZN260618P00240000,2025-10-22 19:55:00+00:00,240.0,32.15,31.9,32.5,-2.25,-6.5406976,10.0,283,0.29325047576904284,True,REGULAR,USD,2026-06-18
AMZN260618P00245000,2025-10-23 16:02:13+00:00,245.0,35.4,35.15,35.45,-2.199997,-5.851056,12.0,1139,0.28556012298583977,True,REGULAR,USD,2026-06-18
AMZN260618P00250000,2025-10-23 16:09:27+00:00,250.0,39.43,37.9,39.65,-1.1500015,-2.833912,8.0,1249,0.2941659939575195,True,REGULAR,USD,2026-06-18
AMZN260618P00255000,2025-10-23 15:06:16+00:00,255.0,43.04,42.1,42.35,-1.1599998,-2.624434,8.0,119,0.27744252838134764,True,REGULAR,USD,2026-06-18
AMZN260618P00260000,2025-10-22 16:54:46+00:00,260.0,47.9,45.75,46.05,0.0,0.0,6.0,521,0.2735973519897461,True,REGULAR,USD,2026-06-18
AMZN260618P00265000,2025-10-23 15:43:02+00:00,265.0,50.96,49.6,49.9,-0.920002,-1.7733269,2.0,584,0.2698132101440429,True,REGULAR,USD,2026-06-18
AMZN260618P00270000,2025-10-23 18:35:24+00:00,270.0,54.4,53.6,53.9,1.2100029,2.2748692,7.0,269,0.2662426892089844,True,REGULAR,USD,2026-06-18
AMZN260618P00275000,2025-10-23 15:43:30+00:00,275.0,59.13,57.7,58.0,-0.61999893,-1.0376551,2.0,175,0.26203130554199217,True,REGULAR,USD,2026-06-18
AMZN260618P00280000,2025-10-23 15:43:38+00:00,280.0,63.36,61.95,62.25,-1.0199966,-1.5843378,2.0,190,0.2584913018798829,True,REGULAR,USD,2026-06-18
AMZN260618P00285000,2025-10-22 13:36:27+00:00,285.0,68.85,66.25,66.6,0.0,0.0,1.0,178,0.2547071600341797,True,REGULAR,USD,2026-06-18
AMZN260618P00290000,2025-10-21 16:57:55+00:00,290.0,69.8,70.7,71.05,0.0,0.0,4.0,45,0.2509230181884765,True,REGULAR,USD,2026-06-18
AMZN260618P00295000,2025-10-21 14:04:59+00:00,295.0,75.7,75.25,75.6,0.0,0.0,1.0,63,0.2474440490722656,True,REGULAR,USD,2026-06-18
AMZN260618P00300000,2025-10-22 19:44:47+00:00,300.0,83.15,79.05,81.3,0.0,0.0,6.0,93,0.2805247729492187,True,REGULAR,USD,2026-06-18
AMZN260618P00305000,2025-10-23 14:16:34+00:00,305.0,85.75,84.55,84.9,1.8899994,2.2537556,6.0,35,0.23944852355957028,True,REGULAR,USD,2026-06-18
AMZN260618P00310000,2025-10-22 19:30:27+00:00,310.0,92.25,88.3,90.7,0.0,0.0,9.0,41,0.281684429321289,True,REGULAR,USD,2026-06-18
AMZN260618P00315000,2025-10-23 16:31:33+00:00,315.0,95.39,94.0,94.5,1.1900024,1.2632723,2.0,2,0.23499300170898438,True,REGULAR,USD,2026-06-18
AMZN260618P00320000,2025-10-21 14:56:21+00:00,320.0,99.11,98.85,100.4,0.0,0.0,2.0,1,0.2892527130126953,True,REGULAR,USD,2026-06-18
AMZN260618P00330000,2025-07-02 18:00:05+00:00,330.0,110.05,109.85,110.5,0.0,0.0,10.0,0,0.3113472186279296,True,REGULAR,USD,2026-06-18
AMZN260618P00345000,2024-12-10 19:01:06+00:00,345.0,119.0,124.25,128.1,0.0,0.0,,0,0.4216976776123047,True,REGULAR,USD,2026-06-18
AMZN260618P00360000,2025-02-18 19:16:45+00:00,360.0,135.9,163.0,165.8,0.0,0.0,,0,0.8363968997192381,True,REGULAR,USD,2026-06-18
AMZN260821P00115000,2025-10-17 18:53:35+00:00,115.0,1.54,1.05,1.16,0.0,0.0,1.0,203,0.4260311303710938,False,REGULAR,USD,2026-08-21
AMZN260821P00120000,2025-10-22 19:29:05+00:00,120.0,1.47,1.24,1.35,0.0,0.0,5.0,31,0.4144345666503906,False,REGULAR,USD,2026-08-21
AMZN260821P00125000,2025-10-21 19:24:01+00:00,125.0,1.52,1.45,1.57,0.0,0.0,2.0,4,0.4033873138427735,False,REGULAR,USD,2026-08-21
AMZN260821P00130000,2025-10-23 13:37:54+00:00,130.0,1.95,1.71,1.83,-0.119999886,-5.7970963,8.0,16,0.3931945446777344,False,REGULAR,USD,2026-08-21
AMZN260821P00135000,2025-10-17 18:27:01+00:00,135.0,3.01,2.01,2.14,0.0,0.0,66.0,164,0.383795224609375,False,REGULAR,USD,2026-08-21
AMZN260821P00140000,2025-10-21 15:08:25+00:00,140.0,2.5,2.38,2.5,0.0,0.0,1.0,64,0.37500625,False,REGULAR,USD,2026-08-21
AMZN260821P00145000,2025-10-22 15:13:43+00:00,145.0,3.22,2.81,2.94,0.0,0.0,62.0,59,0.36743796630859377,False,REGULAR,USD,2026-08-21
AMZN260821P00150000,2025-10-23 19:50:28+00:00,150.0,3.45,3.35,3.45,-0.85000014,-19.767445,846.0,421,0.36035795898437495,False,REGULAR,USD,2026-08-21
AMZN260821P00155000,2025-10-23 14:22:10+00:00,155.0,4.25,3.9,4.05,-0.11000013,-2.5229387,27.0,895,0.35394933166503895,False,REGULAR,USD,2026-08-21
AMZN260821P00160000,2025-10-22 19:33:42+00:00,160.0,5.23,4.6,4.75,0.0,0.0,6.0,1135,0.3482120843505859,False,REGULAR,USD,2026-08-21
AMZN260821P00165000,2025-10-21 14:54:40+00:00,165.0,5.5,5.35,5.55,0.0,0.0,1.0,423,0.34278000976562495,False,REGULAR,USD,2026-08-21
AMZN260821P00170000,2025-10-21 14:34:48+00:00,170.0,6.58,6.3,6.45,0.0,0.0,3.0,1489,0.33743948699951176,False,REGULAR,USD,2026-08-21
AMZN260821P00175000,2025-10-23 19:33:13+00:00,175.0,7.4,7.25,7.5,-0.5499997,-6.9182353,1.0,548,0.33301448242187504,False,REGULAR,USD,2026-08-21
AMZN260821P00180000,2025-10-23 19:33:25+00:00,180.0,8.55,8.4,8.65,0.15000057,1.7857212,1.0,3086,0.32828430511474604,False,REGULAR,USD,2026-08-21
AMZN260821P00185000,2025-10-23 19:55:25+00:00,185.0,9.75,9.7,9.95,-1.2200003,-11.121243,4.0,131,0.3240729214477538,False,REGULAR,USD,2026-08-21
AMZN260821P00190000,2025-10-23 15:37:33+00:00,190.0,11.81,11.1,11.4,-3.0299997,-20.417788,201.0,638,0.3201361932373046,False,REGULAR,USD,2026-08-21
AMZN260821P00195000,2025-10-22 17:15:06+00:00,195.0,14.17,12.7,13.0,0.0,0.0,6.0,1141,0.3163825686645507,False,REGULAR,USD,2026-08-21
AMZN260821P00200000,2025-10-23 19:24:51+00:00,200.0,14.69,14.5,14.75,-1.6099997,-9.877299,3.0,2490,0.31272049591064455,False,REGULAR,USD,2026-08-21
AMZN260821P00205000,2025-10-23 19:29:50+00:00,205.0,16.63,16.4,16.65,-1.4700012,-8.121553,1.0,464,0.30905842315673826,False,REGULAR,USD,2026-08-21
AMZN260821P00210000,2025-10-23 15:48:56+00:00,210.0,19.43,18.5,18.75,-0.86999893,-4.2857094,2.0,1114,0.3060372131347656,False,REGULAR,USD,2026-08-21
AMZN260821P00215000,2025-10-23 18:43:07+00:00,215.0,21.0,20.7,21.0,-1.6499996,-7.284767,6.0,1200,0.3029244512939453,False,REGULAR,USD,2026-08-21
AMZN260821P00220000,2025-10-23 18:36:56+00:00,220.0,23.55,23.1,23.4,-1.6200008,-6.4362373,11.0,745,0.2997048789978027,False,REGULAR,USD,2026-08-21
AMZN260821P00225000,2025-10-23 18:45:39+00:00,225.0,26.1,25.65,25.9,-1.6199989,-5.844152,17.0,760,0.29575289215087885,True,REGULAR,USD,2026-08-21
AMZN260821P00230000,2025-10-23 15:37:33+00:00,230.0,29.35,28.3,28.6,-1.0,-3.2948928,114.0,850,0.29233495758056627,True,REGULAR,USD,2026-08-21
AMZN260821P00235000,2025-10-23 19:43:05+00:00,235.0,31.37,31.1,31.5,-2.1099987,-6.3022666,24.0,90,0.28946633392333976,True,REGULAR,USD,2026-08-21
AMZN260821P00240000,2025-10-23 19:39:14+00:00,240.0,34.31,34.1,34.5,-2.4799995,-6.7409606,20.0,218,0.2858958129882812,True,REGULAR,USD,2026-08-21
AMZN260821P00245000,2025-10-23 19:44:41+00:00,245.0,37.5,37.2,37.65,-2.380001,-5.967906,34.0,66,0.2822795161437988,True,REGULAR,USD,2026-08-21
AMZN260821P00250000,2025-10-23 19:36:17+00:00,250.0,40.88,40.45,40.9,-2.2599983,-5.238754,10.0,17,0.2780070979309082,True,REGULAR,USD,2026-08-21
AMZN260821P00255000,2025-10-23 19:37:21+00:00,255.0,44.33,43.9,44.35,-2.7699966,-5.8810973,6.0,22,0.274421318359375,True,REGULAR,USD,2026-08-21
AMZN260821P00260000,2025-10-23 19:37:26+00:00,260.0,47.85,47.45,47.9,-2.6900024,-5.3225217,4.0,17,0.2702404519653321,True,REGULAR,USD,2026-08-21
AMZN260821P00265000,2025-10-23 19:37:50+00:00,265.0,51.59,51.15,51.6,-2.6800003,-4.938272,6.0,149,0.26618165466308596,True,REGULAR,USD,2026-08-21
AMZN260821P00270000,2025-10-23 16:31:08+00:00,270.0,56.14,55.0,55.45,-2.0699997,-3.5560896,4.0,546,0.2623975128173829,True,REGULAR,USD,2026-08-21
AMZN260821P00275000,2025-10-23 17:17:09+00:00,275.0,60.0,58.95,59.4,-2.290001,-3.676354,4.0,30,0.2581250946044922,True,REGULAR,USD,2026-08-21
AMZN260821P00280000,2025-10-23 16:32:29+00:00,280.0,64.28,63.05,63.45,1.9199982,3.0788937,4.0,219,0.2534254345703125,True,REGULAR,USD,2026-08-21
AMZN260821P00285000,2025-10-23 16:32:35+00:00,285.0,68.48,67.25,67.7,1.9200058,2.8846242,4.0,15,0.25034319000244143,True,REGULAR,USD,2026-08-21
AMZN260821P00290000,2025-10-23 14:28:59+00:00,290.0,73.01,71.55,72.0,2.1700058,3.0632493,2.0,17,0.24622335815429688,True,REGULAR,USD,2026-08-21
AMZN260821P00295000,2025-10-23 14:33:36+00:00,295.0,77.45,75.95,76.4,2.649994,3.5427725,2.0,17,0.2420730090332031,True,REGULAR,USD,2026-08-21
AMZN260821P00300000,2025-10-23 15:32:38+00:00,300.0,81.52,80.45,80.9,2.1899948,2.7606137,2.0,49,0.23822783264160152,True,REGULAR,USD,2026-08-21
AMZN260821P00305000,2025-10-21 16:22:46+00:00,305.0,83.8,85.0,85.5,0.0,0.0,2.0,61,0.2350540362548828,True,REGULAR,USD,2026-08-21
AMZN260821P00310000,2025-10-23 16:00:10+00:00,310.0,90.99,89.65,90.15,-4.3899994,-4.6026416,2.0,34,0.2312698944091797,True,REGULAR,USD,2026-08-21
AMZN260821P00315000,2025-10-23 14:36:04+00:00,315.0,95.67,94.4,94.85,-6.630005,-6.480943,2.0,2,0.2269364416503906,True,REGULAR,USD,2026-08-21
AMZN260821P00340000,2025-08-29 13:56:18+00:00,340.0,110.1,118.5,119.5,0.0,0.0,1.0,0,0.24451439086914065,True,REGULAR,USD,2026-08-21
AMZN260918P00105000,2025-10-23 19:58:27+00:00,105.0,0.91,0.86,0.93,-0.060000002,-6.185567,2.0,465,0.43836010864257813,False,REGULAR,USD,2026-09-18
AMZN260918P00110000,2025-10-22 15:08:53+00:00,110.0,1.15,1.01,1.08,0.0,0.0,1.0,76,0.42578699218750005,False,REGULAR,USD,2026-09-18
AMZN260918P00115000,2025-10-20 18:35:31+00:00,115.0,1.4,1.19,1.25,0.0,0.0,1.0,92,0.41370215209960937,False,REGULAR,USD,2026-09-18
AMZN260918P00120000,2025-10-21 13:53:23+00:00,120.0,1.57,1.39,1.45,0.0,0.0,1.0,40,0.4024717956542969,False,REGULAR,USD,2026-09-18
AMZN260918P00125000,2025-10-23 17:43:29+00:00,125.0,1.7,1.62,1.69,0.03000009,1.7964127,3.0,86,0.39227902648925783,False,REGULAR,USD,2026-09-18
AMZN260918P00130000,2025-10-21 18:59:31+00:00,130.0,1.95,1.9,1.98,0.0,0.0,2.0,404,0.3831238446044921,False,REGULAR,USD,2026-09-18
AMZN260918P00135000,2025-10-20 18:41:36+00:00,135.0,2.61,2.24,2.31,0.0,0.0,23.0,656,0.3742738354492187,False,REGULAR,USD,2026-09-18
AMZN260918P00140000,2025-10-21 14:27:06+00:00,140.0,2.79,2.63,2.71,0.0,0.0,23.0,2496,0.36646141357421874,False,REGULAR,USD,2026-09-18
AMZN260918P00145000,2025-10-22 14:51:05+00:00,145.0,3.6,3.05,3.2,0.0,0.0,25.0,419,0.35999175170898434,False,REGULAR,USD,2026-09-18
AMZN260918P00150000,2025-10-23 16:35:14+00:00,150.0,3.8,3.6,3.75,-0.29999995,-7.3170724,21.0,2384,0.35346105529785155,False,REGULAR,USD,2026-09-18
AMZN260918P00155000,2025-10-22 17:20:20+00:00,155.0,4.95,4.25,4.4,0.0,0.0,8.0,1973,0.34778484252929687,False,REGULAR,USD,2026-09-18
AMZN260918P00160000,2025-10-23 16:43:03+00:00,160.0,5.2,4.95,5.15,-0.4500003,-7.9646072,1.0,3595,0.34256638885498036,False,REGULAR,USD,2026-09-18
AMZN260918P00165000,2025-10-22 14:08:38+00:00,165.0,6.42,5.8,5.95,0.0,0.0,43.0,2432,0.3365239688110352,False,REGULAR,USD,2026-09-18
AMZN260918P00170000,2025-10-22 16:25:24+00:00,170.0,7.49,6.75,6.95,0.0,0.0,3.0,2195,0.33264827514648443,False,REGULAR,USD,2026-09-18
AMZN260918P00175000,2025-10-23 15:01:43+00:00,175.0,8.14,7.65,8.0,-0.72999954,-8.229983,122.0,3743,0.3276434423828125,False,REGULAR,USD,2026-09-18
AMZN260918P00180000,2025-10-23 19:52:30+00:00,180.0,9.15,9.0,9.2,-1.2000008,-11.59421,4.0,7386,0.3233405068969726,False,REGULAR,USD,2026-09-18
AMZN260918P00185000,2025-10-22 16:25:24+00:00,185.0,11.33,10.35,10.55,0.0,0.0,2.0,1923,0.31949533050537104,False,REGULAR,USD,2026-09-18
AMZN260918P00190000,2025-10-23 18:25:38+00:00,190.0,12.15,11.8,12.0,-0.95000076,-7.251914,131.0,5766,0.31519239501953117,False,REGULAR,USD,2026-09-18
AMZN260918P00195000,2025-10-23 19:08:53+00:00,195.0,13.75,13.45,13.65,-1.1499996,-7.7181187,6.0,4122,0.3118660122680663,False,REGULAR,USD,2026-09-18
AMZN260918P00200000,2025-10-23 18:54:37+00:00,200.0,15.55,15.2,15.4,-1.1500006,-6.886231,4.0,4041,0.3079445426940917,False,REGULAR,USD,2026-09-18
AMZN260918P00205000,2025-10-23 18:54:39+00:00,205.0,17.5,17.15,17.35,-1.3899994,-7.3583875,9.0,921,0.30478600494384767,False,REGULAR,USD,2026-09-18
AMZN260918P00210000,2025-10-23 18:57:54+00:00,210.0,19.6,19.25,19.45,-1.2199993,-5.859747,6.0,2584,0.3016122085571289,False,REGULAR,USD,2026-09-18
AMZN260918P00215000,2025-10-23 18:54:44+00:00,215.0,21.85,21.45,21.7,-1.4200001,-6.1022773,15.0,2846,0.2984078948974609,False,REGULAR,USD,2026-09-18
AMZN260918P00220000,2025-10-23 18:54:23+00:00,220.0,24.25,23.85,24.1,-1.2999992,-5.08806,47.0,3547,0.2952035812377929,False,REGULAR,USD,2026-09-18
AMZN260918P00225000,2025-10-23 18:54:13+00:00,225.0,26.8,26.4,26.6,-1.8000011,-6.2937107,158.0,1982,0.29132788757324213,True,REGULAR,USD,2026-09-18
AMZN260918P00230000,2025-10-23 19:15:30+00:00,230.0,29.35,29.05,29.3,-2.1800003,-6.914051,11.0,1926,0.28804728073120106,True,REGULAR,USD,2026-09-18
AMZN260918P00235000,2025-10-23 18:53:57+00:00,235.0,32.35,31.85,32.15,-1.7300034,-5.0763006,64.0,2977,0.2847361566162109,True,REGULAR,USD,2026-09-18
AMZN260918P00240000,2025-10-23 15:08:57+00:00,240.0,35.71,34.8,35.1,-1.3199997,-3.5646765,2.0,751,0.28079942840576166,True,REGULAR,USD,2026-09-18
AMZN260918P00245000,2025-10-23 18:54:10+00:00,245.0,38.56,37.9,38.25,-1.7799988,-4.412491,20.0,1309,0.2774883042907715,True,REGULAR,USD,2026-09-18
AMZN260918P00250000,2025-10-23 17:42:52+00:00,250.0,42.07,41.15,41.5,-1.4700012,-3.3762085,10.0,1226,0.2735973519897461,True,REGULAR,USD,2026-09-18
AMZN260918P00255000,2025-10-23 18:54:24+00:00,255.0,45.22,44.55,44.9,-2.3999977,-5.0398946,8.0,79,0.26978269287109374,True,REGULAR,USD,2026-09-18
AMZN260918P00260000,2025-10-22 19:00:01+00:00,260.0,51.28,48.05,48.45,0.0,0.0,6.0,133,0.2660901028442383,True,REGULAR,USD,2026-09-18
AMZN260918P00265000,2025-10-23 14:43:03+00:00,265.0,52.65,51.7,52.1,-1.699997,-3.1278694,2.0,84,0.26187871917724614,True,REGULAR,USD,2026-09-18
AMZN260918P00270000,2025-10-23 14:42:50+00:00,270.0,56.56,55.5,55.9,-1.75,-3.0012004,2.0,1476,0.2579114736938477,True,REGULAR,USD,2026-09-18
AMZN260918P00275000,2025-10-23 19:54:08+00:00,275.0,59.56,59.45,59.8,-3.4399986,-5.4603157,18.0,29,0.2535169863891602,True,REGULAR,USD,2026-09-18
AMZN260918P00280000,2025-10-23 18:49:39+00:00,280.0,64.39,63.45,63.85,-2.1100006,-3.1729333,2.0,230,0.24958025817871093,True,REGULAR,USD,2026-09-18
AMZN260918P00285000,2025-10-23 14:43:52+00:00,285.0,68.64,67.6,68.0,1.3600006,2.021404,2.0,30,0.24536887451171874,True,REGULAR,USD,2026-09-18
AMZN260918P00290000,2025-10-23 14:44:31+00:00,290.0,72.89,71.85,72.25,1.4599991,2.043958,2.0,97,0.240943869934082,True,REGULAR,USD,2026-09-18
AMZN260918P00295000,2025-10-23 14:44:49+00:00,295.0,77.19,76.25,76.65,-2.1100006,-2.6607826,2.0,30,0.23761748718261716,True,REGULAR,USD,2026-09-18
AMZN260918P00300000,2025-10-23 14:47:14+00:00,300.0,81.77,80.75,81.1,-2.1800003,-2.5967844,2.0,71,0.2333755862426758,True,REGULAR,USD,2026-09-18
AMZN260918P00310000,2025-10-23 14:04:07+00:00,310.0,91.25,88.65,90.25,-1.949997,-2.0922716,3.0,112,0.22492230163574217,True,REGULAR,USD,2026-09-18
AMZN260918P00320000,2025-10-22 19:58:14+00:00,320.0,102.65,99.1,99.65,0.0,0.0,6.0,87,0.21527884338378905,True,REGULAR,USD,2026-09-18
AMZN260918P00340000,2025-07-31 19:13:53+00:00,340.0,106.0,118.25,120.55,0.0,0.0,,0,0.2813182220458984,True,REGULAR,USD,2026-09-18
AMZN260918P00350000,2025-10-21 17:24:24+00:00,350.0,128.52,127.35,130.45,0.0,0.0,2.0,0,0.29175512939453113,True,REGULAR,USD,2026-09-18
AMZN261218P00085000,2025-10-20 18:41:37+00:00,85.0,0.79,0.64,0.72,0.0,0.0,2.0,1178,0.46533737792968755,False,REGULAR,USD,2026-12-18
AMZN261218P00090000,2025-10-21 15:04:04+00:00,90.0,0.86,0.77,0.84,0.0,0.0,10.0,639,0.45166563964843753,False,REGULAR,USD,2026-12-18
AMZN261218P00095000,2025-10-23 14:50:52+00:00,95.0,0.98,0.92,0.99,-0.27999997,-22.22222,1.0,776,0.43970286865234376,False,REGULAR,USD,2026-12-18
AMZN261218P00100000,2025-10-21 15:42:55+00:00,100.0,1.16,1.08,1.15,0.0,0.0,1.0,2118,0.4276180285644532,False,REGULAR,USD,2026-12-18
AMZN261218P00105000,2025-10-23 17:24:35+00:00,105.0,1.32,1.26,1.33,-0.13999999,-9.58904,1.0,1994,0.4158993957519531,False,REGULAR,USD,2026-12-18
AMZN261218P00110000,2025-10-21 16:19:27+00:00,110.0,1.52,1.47,1.55,0.0,0.0,5.0,5054,0.4056455920410156,False,REGULAR,USD,2026-12-18
AMZN261218P00115000,2025-10-17 19:08:18+00:00,115.0,2.36,1.72,1.8,0.0,0.0,3.0,1392,0.3957579956054688,False,REGULAR,USD,2026-12-18
AMZN261218P00120000,2025-10-22 19:17:10+00:00,120.0,2.31,2.01,2.08,0.0,0.0,2.0,3074,0.386175571899414,False,REGULAR,USD,2026-12-18
AMZN261218P00125000,2025-10-21 19:18:20+00:00,125.0,2.4,2.35,2.42,0.0,0.0,62.0,987,0.3778748736572265,False,REGULAR,USD,2026-12-18
AMZN261218P00130000,2025-10-22 19:04:48+00:00,130.0,3.17,2.75,2.82,0.0,0.0,11.0,5187,0.37036762451171873,False,REGULAR,USD,2026-12-18
AMZN261218P00135000,2025-10-22 19:35:44+00:00,135.0,3.65,3.2,3.3,0.0,0.0,21.0,3511,0.3639589971923829,False,REGULAR,USD,2026-12-18
AMZN261218P00140000,2025-10-23 16:10:34+00:00,140.0,3.92,3.7,3.85,-0.17000008,-4.156481,2.0,4067,0.35797761169433595,False,REGULAR,USD,2026-12-18
AMZN261218P00145000,2025-10-22 13:57:01+00:00,145.0,4.75,4.3,4.45,0.0,0.0,2.0,1715,0.35169105346679685,False,REGULAR,USD,2026-12-18
AMZN261218P00150000,2025-10-22 19:35:33+00:00,150.0,5.68,5.0,5.15,0.0,0.0,6.0,6062,0.3462589788818359,False,REGULAR,USD,2026-12-18
AMZN261218P00155000,2025-10-23 14:20:56+00:00,155.0,6.25,5.8,5.95,-0.099999905,-1.5748017,17.0,575,0.3413151806640625,False,REGULAR,USD,2026-12-18
AMZN261218P00160000,2025-10-23 19:53:30+00:00,160.0,6.75,6.65,6.85,-0.5999999,-8.163264,7.0,3448,0.33670707244873044,False,REGULAR,USD,2026-12-18
AMZN261218P00165000,2025-10-23 19:18:58+00:00,165.0,7.85,7.65,7.85,0.25,3.2894738,80.0,1474,0.3322515505981446,False,REGULAR,USD,2026-12-18
AMZN261218P00170000,2025-10-23 16:57:06+00:00,170.0,9.14,8.75,8.95,-0.35999966,-3.78947,7.0,10189,0.327857063293457,False,REGULAR,USD,2026-12-18
AMZN261218P00175000,2025-10-23 16:40:10+00:00,175.0,10.4,9.95,10.15,-0.45000076,-4.1474724,15.0,10931,0.32343205871582026,False,REGULAR,USD,2026-12-18
AMZN261218P00180000,2025-10-23 19:18:58+00:00,180.0,11.53,10.95,11.5,-1.04,-8.273667,71.0,11531,0.31964791687011707,False,REGULAR,USD,2026-12-18
AMZN261218P00185000,2025-10-23 17:26:47+00:00,185.0,13.21,12.35,12.95,-1.0699997,-7.4929953,5.0,4961,0.31566541275024407,False,REGULAR,USD,2026-12-18
AMZN261218P00190000,2025-10-23 17:13:45+00:00,190.0,14.64,14.3,14.55,-1.499999,-9.293675,28.0,3862,0.3120948918151855,False,REGULAR,USD,2026-12-18
AMZN261218P00195000,2025-10-23 18:52:57+00:00,195.0,16.21,16.0,16.25,-1.710001,-9.542416,70.0,1778,0.30823445678710937,False,REGULAR,USD,2026-12-18
AMZN261218P00200000,2025-10-23 19:06:15+00:00,200.0,18.22,17.9,18.15,-1.6200008,-8.165327,84.0,4138,0.3052742813110352,False,REGULAR,USD,2026-12-18
AMZN261218P00205000,2025-10-23 19:07:35+00:00,205.0,20.25,19.85,20.15,-1.4400005,-6.6390066,104.0,2014,0.30193263992309577,False,REGULAR,USD,2026-12-18
AMZN261218P00210000,2025-10-23 19:03:53+00:00,210.0,22.45,22.0,22.25,-1.5299988,-6.380312,27.0,1361,0.29824004989624014,False,REGULAR,USD,2026-12-18
AMZN261218P00215000,2025-10-23 19:04:17+00:00,215.0,24.74,24.25,24.55,-1.2299995,-4.7362323,36.0,2162,0.29527987442016596,False,REGULAR,USD,2026-12-18
AMZN261218P00220000,2025-10-23 19:05:53+00:00,220.0,27.14,26.65,26.95,-1.3600006,-4.771932,43.0,2094,0.29193823303222644,False,REGULAR,USD,2026-12-18
AMZN261218P00225000,2025-10-23 19:07:32+00:00,225.0,29.6,29.15,29.45,-1.9099998,-6.0615673,54.0,1509,0.2882151257324218,True,REGULAR,USD,2026-12-18
AMZN261218P00230000,2025-10-23 19:08:01+00:00,230.0,32.25,31.8,32.1,-1.9599991,-5.729316,23.0,1209,0.2846751220703124,True,REGULAR,USD,2026-12-18
AMZN261218P00235000,2025-10-23 19:08:51+00:00,235.0,35.05,33.9,35.35,-2.119999,-5.7035217,75.0,355,0.28601788208007806,True,REGULAR,USD,2026-12-18
AMZN261218P00240000,2025-10-23 18:58:46+00:00,240.0,38.08,37.5,37.85,-2.079998,-5.179278,22.0,1111,0.27805287384033206,True,REGULAR,USD,2026-12-18
AMZN261218P00245000,2025-10-23 18:25:09+00:00,245.0,41.11,40.05,40.9,-2.1699982,-5.0138593,47.0,162,0.27448235290527345,True,REGULAR,USD,2026-12-18
AMZN261218P00250000,2025-10-23 19:07:57+00:00,250.0,44.2,43.65,44.05,-2.2199974,-4.782416,22.0,1008,0.27056088333129885,True,REGULAR,USD,2026-12-18
AMZN261218P00255000,2025-10-23 19:07:00+00:00,255.0,47.66,45.55,48.6,-2.0999985,-4.2202544,20.0,119,0.28079942840576166,True,REGULAR,USD,2026-12-18
AMZN261218P00260000,2025-10-23 18:45:35+00:00,260.0,51.08,50.3,50.75,-1.949997,-3.677158,31.0,401,0.26282475463867194,True,REGULAR,USD,2026-12-18
AMZN261218P00265000,2025-10-23 18:45:54+00:00,265.0,54.68,52.45,55.6,1.0999985,2.0530019,14.0,152,0.2745128701782227,True,REGULAR,USD,2026-12-18
AMZN261218P00270000,2025-10-23 17:57:37+00:00,270.0,58.34,57.45,57.9,1.2000008,2.1001065,8.0,1093,0.25440198730468755,True,REGULAR,USD,2026-12-18
AMZN261218P00280000,2025-10-23 18:46:51+00:00,280.0,66.02,63.8,66.9,1.2199936,1.882706,6.0,191,0.26461001510620114,True,REGULAR,USD,2026-12-18
AMZN261218P00290000,2025-10-23 18:47:56+00:00,290.0,74.21,73.15,73.65,1.3600006,1.8668506,4.0,110,0.23780059082031246,True,REGULAR,USD,2026-12-18
AMZN261218P00300000,2025-10-22 14:27:04+00:00,300.0,85.25,81.7,82.15,0.0,0.0,5.0,892,0.22919471984863282,True,REGULAR,USD,2026-12-18
AMZN261218P00310000,2025-10-23 19:06:18+00:00,310.0,91.55,89.25,92.35,-2.0999985,-2.2423902,18.0,171,0.24976336181640624,True,REGULAR,USD,2026-12-18
AMZN261218P00315000,2025-10-23 18:15:55+00:00,315.0,96.25,93.7,96.8,-2.5999985,-2.6302464,4.0,180,0.2462843927001953,True,REGULAR,USD,2026-12-18
AMZN261218P00320000,2025-10-23 19:45:01+00:00,320.0,100.15,98.1,101.85,-2.75,-2.6724975,14.0,302,0.2550428500366212,True,REGULAR,USD,2026-12-18
AMZN261218P00330000,2025-10-23 13:56:13+00:00,330.0,109.9,107.85,110.95,-2.699997,-2.3978658,2.0,29,0.24768818725585937,True,REGULAR,USD,2026-12-18
AMZN261218P00340000,2025-10-23 14:04:07+00:00,340.0,120.3,117.4,120.7,-2.449997,-1.9959242,1.0,16,0.25391371093750004,True,REGULAR,USD,2026-12-18
AMZN261218P00350000,2025-10-21 16:50:30+00:00,350.0,127.04,127.25,130.55,0.0,0.0,2.0,1,0.26190923645019537,True,REGULAR,USD,2026-12-18
AMZN261218P00355000,2025-10-21 16:49:58+00:00,355.0,132.07,132.15,135.65,0.0,0.0,2.0,0,0.27118648742675777,True,REGULAR,USD,2026-12-18
AMZN261218P00360000,2025-10-13 19:37:27+00:00,360.0,139.55,137.25,140.55,0.0,0.0,10.0,0,0.2739330419921875,True,REGULAR,USD,2026-12-18
AMZN270115P00085000,2025-10-23 18:29:26+00:00,85.0,0.78,0.72,0.8,-0.100000024,-11.363639,18.0,2036,0.4587456469726563,False,REGULAR,USD,2027-01-15
AMZN270115P00090000,2025-10-23 18:29:26+00:00,90.0,0.88,0.86,0.94,-0.09000003,-9.278355,17.0,364,0.4461725305175781,False,REGULAR,USD,2027-01-15
AMZN270115P00095000,2025-10-21 15:19:13+00:00,95.0,1.11,1.02,1.09,0.03999996,3.738314,1.0,874,0.4334773449707031,False,REGULAR,USD,2027-01-15
AMZN270115P00100000,2025-10-20 17:57:13+00:00,100.0,1.4,1.19,1.27,0.0,0.0,215.0,3013,0.42212491943359376,False,REGULAR,USD,2027-01-15
AMZN270115P00105000,2025-10-17 19:17:35+00:00,105.0,1.87,1.39,1.47,0.0,0.0,1.0,173,0.4110166320800781,False,REGULAR,USD,2027-01-15
AMZN270115P00110000,2025-10-17 19:16:47+00:00,110.0,2.19,1.63,1.71,0.0,0.0,1.0,1380,0.40112903564453123,False,REGULAR,USD,2027-01-15
AMZN270115P00115000,2025-10-20 14:33:06+00:00,115.0,2.33,1.9,1.98,0.0,0.0,49.0,986,0.3915466119384765,False,REGULAR,USD,2027-01-15
AMZN270115P00120000,2025-10-23 18:53:44+00:00,120.0,2.31,2.2,2.34,-0.24000001,-9.411765,104.0,1527,0.3845276391601562,False,REGULAR,USD,2027-01-15
AMZN270115P00125000,2025-10-23 19:08:48+00:00,125.0,2.65,2.58,2.66,-0.26,-8.934708,97.0,1528,0.3746400427246094,False,REGULAR,USD,2027-01-15
AMZN270115P00130000,2025-10-20 18:40:53+00:00,130.0,3.44,3.0,3.1,0.0,0.0,10.0,1767,0.3676821044921875,False,REGULAR,USD,2027-01-15
AMZN270115P00135000,2025-10-22 17:17:14+00:00,135.0,3.92,3.45,3.6,0.0,0.0,1.0,1098,0.3611514080810546,False,REGULAR,USD,2027-01-15
AMZN270115P00140000,2025-10-22 19:54:05+00:00,140.0,4.63,4.0,4.15,0.0,0.0,2.0,6604,0.3544986425781249,False,REGULAR,USD,2027-01-15
AMZN270115P00145000,2025-10-22 13:57:01+00:00,145.0,5.1,4.65,4.8,0.0,0.0,1.0,3140,0.34882242980957034,False,REGULAR,USD,2027-01-15
AMZN270115P00150000,2025-10-23 13:55:24+00:00,150.0,5.7,5.35,5.55,-0.35000038,-5.78513,50.0,8206,0.3438786315917969,False,REGULAR,USD,2027-01-15
AMZN270115P00155000,2025-10-23 16:00:02+00:00,155.0,6.59,6.15,6.35,-0.3699999,-5.31609,4.0,3984,0.33838552246093745,False,REGULAR,USD,2027-01-15
AMZN270115P00160000,2025-10-23 17:03:47+00:00,160.0,7.34,7.1,7.25,-0.35999966,-4.67532,10.0,8377,0.33328913787841796,False,REGULAR,USD,2027-01-15
AMZN270115P00165000,2025-10-23 15:59:23+00:00,165.0,8.5,7.85,8.3,0.14999962,1.7964026,59.0,2287,0.32926085784912107,False,REGULAR,USD,2027-01-15
AMZN270115P00170000,2025-10-23 18:36:15+00:00,170.0,9.5,9.2,9.45,-0.9200001,-8.829175,106.0,8674,0.3252630950927734,False,REGULAR,USD,2027-01-15
AMZN270115P00175000,2025-10-23 18:19:47+00:00,175.0,10.72,10.45,10.7,-0.77999973,-6.782606,47.0,5583,0.3212042977905273,False,REGULAR,USD,2027-01-15
AMZN270115P00180000,2025-10-23 16:36:41+00:00,180.0,12.3,11.8,12.05,-0.75,-5.7471266,138.0,11567,0.3170844659423828,False,REGULAR,USD,2027-01-15
AMZN270115P00185000,2025-10-23 17:43:45+00:00,185.0,13.71,12.95,13.55,-1.0500002,-7.113822,42.0,2753,0.3134681690979004,False,REGULAR,USD,2027-01-15
AMZN270115P00190000,2025-10-23 18:52:51+00:00,190.0,15.25,14.9,15.15,-1.1599998,-7.0688596,56.0,8182,0.30963825134277345,False,REGULAR,USD,2027-01-15
AMZN270115P00195000,2025-10-23 19:46:30+00:00,195.0,16.75,16.65,16.9,-1.2000008,-6.6852407,257.0,2726,0.30618979949951175,False,REGULAR,USD,2027-01-15
AMZN270115P00200000,2025-10-23 19:16:04+00:00,200.0,18.55,18.5,18.75,-1.5,-7.481297,1423.0,7024,0.302466692199707,False,REGULAR,USD,2027-01-15
AMZN270115P00205000,2025-10-23 19:00:14+00:00,205.0,20.9,20.5,20.75,-1.3099995,-5.8982415,64.0,2132,0.2990182403564453,False,REGULAR,USD,2027-01-15
AMZN270115P00210000,2025-10-23 19:08:38+00:00,210.0,23.0,22.65,22.9,-1.5599995,-6.351789,23.0,7451,0.2958139266967773,False,REGULAR,USD,2027-01-15
AMZN270115P00215000,2025-10-23 19:08:31+00:00,215.0,25.3,24.9,25.15,-1.6200008,-6.017834,24.0,1830,0.2922739230346678,False,REGULAR,USD,2027-01-15
AMZN270115P00220000,2025-10-23 18:52:01+00:00,220.0,27.75,27.3,27.55,-1.8600006,-6.2816634,20.0,7292,0.288947540283203,False,REGULAR,USD,2027-01-15
AMZN270115P00225000,2025-10-23 19:07:15+00:00,225.0,30.29,29.8,30.1,-1.3899994,-4.3876243,28.0,1764,0.28578900253295897,True,REGULAR,USD,2027-01-15
AMZN270115P00230000,2025-10-23 18:52:01+00:00,230.0,32.95,32.45,32.7,-1.5400009,-4.465065,35.0,3349,0.2818064984130859,True,REGULAR,USD,2027-01-15
AMZN270115P00235000,2025-10-23 19:02:25+00:00,235.0,35.7,35.2,35.5,-1.8600006,-4.9520783,28.0,691,0.27854115020751957,True,REGULAR,USD,2027-01-15
AMZN270115P00240000,2025-10-23 19:08:03+00:00,240.0,38.6,38.05,38.4,-2.1000023,-5.159711,27.0,851,0.27494011199951174,True,REGULAR,USD,2027-01-15
AMZN270115P00245000,2025-10-23 18:59:51+00:00,245.0,41.69,41.05,41.45,-2.1599998,-4.9258833,24.0,299,0.27153743606567377,True,REGULAR,USD,2027-01-15
AMZN270115P00250000,2025-10-23 17:07:48+00:00,250.0,44.95,44.2,44.6,-1.5499992,-3.3333316,10.0,1737,0.26784484603881836,True,REGULAR,USD,2027-01-15
AMZN270115P00255000,2025-10-23 18:58:26+00:00,255.0,48.09,45.65,49.6,-2.3100014,-4.583336,18.0,624,0.28266098205566403,True,REGULAR,USD,2027-01-15
AMZN270115P00260000,2025-10-23 17:10:00+00:00,260.0,51.78,50.8,51.25,-1.75,-3.2691948,14.0,868,0.26010871734619145,True,REGULAR,USD,2027-01-15
AMZN270115P00265000,2025-10-23 19:07:16+00:00,265.0,55.09,54.3,54.75,-1.9500008,-3.418655,12.0,127,0.2561109545898438,True,REGULAR,USD,2027-01-15
AMZN270115P00270000,2025-10-23 18:03:47+00:00,270.0,58.72,57.9,58.4,-2.0599976,-3.3892689,8.0,236,0.2524183645629883,True,REGULAR,USD,2027-01-15
AMZN270115P00275000,2025-10-23 18:10:22+00:00,275.0,62.6,61.7,62.1,-1.840004,-2.8553753,11.0,197,0.24790180816650392,True,REGULAR,USD,2027-01-15
AMZN270115P00280000,2025-10-23 17:07:56+00:00,280.0,66.5,65.5,65.95,-2.0299988,-2.9622047,13.0,585,0.24378197631835938,True,REGULAR,USD,2027-01-15
AMZN270115P00285000,2025-10-23 18:44:52+00:00,285.0,70.41,68.15,71.3,-1.9599991,-2.7083032,10.0,76,0.2588269918823243,True,REGULAR,USD,2027-01-15
AMZN270115P00290000,2025-10-23 18:45:08+00:00,290.0,74.49,73.55,74.0,1.6299973,2.2371633,10.0,187,0.2357559335327148,True,REGULAR,USD,2027-01-15
AMZN270115P00295000,2025-10-23 19:58:36+00:00,295.0,78.15,76.35,79.55,1.0999985,1.4276423,12.0,44,0.2534254345703125,True,REGULAR,USD,2027-01-15
AMZN270115P00300000,2025-10-23 18:40:36+00:00,300.0,82.95,81.95,82.45,-1.9700012,-2.3198318,22.0,212,0.2275773043823242,True,REGULAR,USD,2027-01-15
AMZN270115P00305000,2025-10-23 18:15:55+00:00,305.0,87.45,84.7,88.45,-1.1000061,-1.2422429,41.0,140,0.2535169863891602,True,REGULAR,USD,2027-01-15
AMZN270115P00310000,2025-10-23 19:44:34+00:00,310.0,91.1,89.5,92.5,0.049995422,0.05490985,27.0,225,0.2447890463256836,True,REGULAR,USD,2027-01-15
AMZN270115P00315000,2025-10-23 19:25:46+00:00,315.0,95.9,95.3,97.4,-2.6500015,-2.6889918,34.0,264,0.2506788800048828,True,REGULAR,USD,2027-01-15
AMZN270115P00320000,2025-10-23 19:58:36+00:00,320.0,100.35,98.15,102.1,-2.050003,-2.001956,38.0,193,0.2522352609252929,True,REGULAR,USD,2027-01-15
AMZN270115P00325000,2025-10-23 19:33:08+00:00,325.0,104.95,104.55,105.1,-2.850006,-2.6437905,18.0,299,0.20838193969726557,True,REGULAR,USD,2027-01-15
AMZN270115P00330000,2025-10-23 19:40:51+00:00,330.0,109.7,109.3,111.0,-3.4000015,-3.0061905,27.0,131,0.241218525390625,True,REGULAR,USD,2027-01-15
AMZN270115P00335000,2025-10-23 14:52:04+00:00,335.0,115.2,114.05,115.9,-1.550003,-1.3276258,1.0,27,0.24518577087402343,True,REGULAR,USD,2027-01-15
AMZN270115P00340000,2025-10-23 18:15:56+00:00,340.0,120.1,117.6,120.65,2.5899963,2.2040646,8.0,8,0.24451439086914065,True,REGULAR,USD,2027-01-15
AMZN270115P00345000,2025-10-21 16:27:14+00:00,345.0,122.29,123.75,124.2,0.0,0.0,2.0,3,0.18738605590820312,True,REGULAR,USD,2027-01-15
AMZN270115P00350000,2025-10-21 16:28:19+00:00,350.0,127.24,127.35,130.55,0.0,0.0,2.0,1,0.2537306072998047,True,REGULAR,USD,2027-01-15
AMZN270115P00360000,2025-10-21 16:38:04+00:00,360.0,137.32,137.35,140.5,0.0,0.0,52.0,25,0.2637402728271484,True,REGULAR,USD,2027-01-15
AMZN270617P00085000,2025-10-23 18:05:48+00:00,85.0,1.19,1.15,1.25,-0.059999943,-4.7999954,1.0,264,0.4299373413085938,False,REGULAR,USD,2027-06-17
AMZN270617P00090000,2025-10-17 19:26:43+00:00,90.0,1.73,1.35,1.45,0.0,0.0,1.0,107,0.4185849157714844,False,REGULAR,USD,2027-06-17
AMZN270617P00095000,2025-10-17 19:25:54+00:00,95.0,2.02,1.58,1.68,0.0,0.0,506.0,770,0.40808697387695314,False,REGULAR,USD,2027-06-17
AMZN270617P00100000,2025-10-21 16:01:17+00:00,100.0,1.91,1.84,1.94,0.0,0.0,3.0,179,0.39826041198730466,False,REGULAR,USD,2027-06-17
AMZN270617P00105000,2025-10-23 18:02:14+00:00,105.0,2.22,2.13,2.24,-0.52,-18.978102,1.0,112,0.3891662646484375,False,REGULAR,USD,2027-06-17
AMZN270617P00110000,2025-10-17 19:23:33+00:00,110.0,3.15,2.47,2.58,0.0,0.0,1.0,512,0.38068246276855466,False,REGULAR,USD,2027-06-17
AMZN270617P00115000,2025-10-17 19:23:01+00:00,115.0,3.65,2.85,2.97,0.0,0.0,1.0,95,0.3728700408935547,False,REGULAR,USD,2027-06-17
AMZN270617P00120000,2025-10-17 19:22:20+00:00,120.0,4.2,3.3,3.45,0.0,0.0,1.0,785,0.36664451721191404,False,REGULAR,USD,2027-06-17
AMZN270617P00125000,2025-10-23 16:59:11+00:00,125.0,3.95,3.8,3.95,-1.05,-20.999998,15.0,305,0.3597476135253906,False,REGULAR,USD,2027-06-17
AMZN270617P00130000,2025-10-17 17:05:58+00:00,130.0,5.75,4.35,4.55,0.0,0.0,1.0,528,0.3541324353027343,False,REGULAR,USD,2027-06-17
AMZN270617P00135000,2025-10-14 13:52:47+00:00,135.0,6.45,5.0,5.2,0.0,0.0,2.0,570,0.34836467071533206,False,REGULAR,USD,2027-06-17
AMZN270617P00140000,2025-10-23 14:20:52+00:00,140.0,6.15,5.75,5.95,-0.099999905,-1.5999985,14.0,655,0.3434208724975586,False,REGULAR,USD,2027-06-17
AMZN270617P00145000,2025-10-21 17:09:36+00:00,145.0,6.7,6.55,6.75,0.0,0.0,9.0,330,0.338171901550293,False,REGULAR,USD,2027-06-17
AMZN270617P00150000,2025-10-23 15:37:37+00:00,150.0,7.8,7.45,7.65,0.23000002,3.0383093,8.0,2673,0.3334417242431641,False,REGULAR,USD,2027-06-17
AMZN270617P00155000,2025-10-23 14:21:12+00:00,155.0,9.0,8.45,8.65,-0.05000019,-0.55248827,27.0,185,0.32910827148437494,False,REGULAR,USD,2027-06-17
AMZN270617P00160000,2025-10-23 17:56:07+00:00,160.0,9.79,9.5,10.0,0.23999977,2.5130866,3.0,1952,0.3285742192077636,False,REGULAR,USD,2027-06-17
AMZN270617P00165000,2025-10-20 18:58:33+00:00,165.0,11.65,10.7,10.95,0.0,0.0,2.0,2637,0.3210822286987304,False,REGULAR,USD,2027-06-17
AMZN270617P00170000,2025-10-23 19:26:08+00:00,170.0,12.2,12.0,12.25,-0.77999973,-6.009243,45.0,1358,0.3172980868530273,False,REGULAR,USD,2027-06-17
AMZN270617P00175000,2025-10-22 19:58:49+00:00,175.0,14.55,12.95,13.65,0.0,0.0,3.0,1722,0.31354446228027344,False,REGULAR,USD,2027-06-17
AMZN270617P00180000,2025-10-23 19:48:00+00:00,180.0,15.07,14.7,15.15,-1.0599995,-6.571603,56.0,2238,0.30982135498046875,False,REGULAR,USD,2027-06-17
AMZN270617P00185000,2025-10-23 19:12:42+00:00,185.0,16.93,16.05,16.8,-0.4699993,-2.7011456,8.0,767,0.30663229995727537,False,REGULAR,USD,2027-06-17
AMZN270617P00190000,2025-10-23 19:20:07+00:00,190.0,18.47,18.2,18.55,-1.3200016,-6.670043,34.0,1696,0.3033822103881836,False,REGULAR,USD,2027-06-17
AMZN270617P00195000,2025-10-23 19:28:40+00:00,195.0,20.43,20.05,20.4,-0.9899998,-4.6218476,12.0,1183,0.3000405690002441,False,REGULAR,USD,2027-06-17
AMZN270617P00200000,2025-10-23 18:58:49+00:00,200.0,22.54,22.0,22.35,-1.3599987,-5.6903715,18.0,3245,0.2966226344299316,False,REGULAR,USD,2027-06-17
AMZN270617P00205000,2025-10-23 19:53:45+00:00,205.0,24.14,24.05,24.4,-1.5,-5.850234,12.0,416,0.29311314804077143,False,REGULAR,USD,2027-06-17
AMZN270617P00210000,2025-10-23 17:41:25+00:00,210.0,26.62,26.25,26.6,-1.2999992,-4.6561575,18.0,1493,0.28995461029052727,False,REGULAR,USD,2027-06-17
AMZN270617P00215000,2025-10-23 18:08:54+00:00,215.0,29.15,28.55,28.95,-0.88000107,-2.9304063,12.0,558,0.2871470211791991,False,REGULAR,USD,2027-06-17
AMZN270617P00220000,2025-10-23 18:57:26+00:00,220.0,31.57,30.95,31.35,-0.6399994,-1.9869587,32.0,1022,0.28375960388183585,False,REGULAR,USD,2027-06-17
AMZN270617P00225000,2025-10-23 19:01:57+00:00,225.0,34.09,33.45,33.9,-1.2999992,-3.673352,30.0,493,0.28069261795043937,True,REGULAR,USD,2027-06-17
AMZN270617P00230000,2025-10-23 19:51:50+00:00,230.0,36.39,36.1,36.55,-1.8100014,-4.7382236,38.0,703,0.2775035629272461,True,REGULAR,USD,2027-06-17
AMZN270617P00235000,2025-10-23 19:01:11+00:00,235.0,39.44,38.85,39.3,-1.800003,-4.3647017,43.0,397,0.27419243881225586,True,REGULAR,USD,2027-06-17
AMZN270617P00240000,2025-10-23 19:02:37+00:00,240.0,42.39,41.7,42.2,-1.6100006,-3.6590922,86.0,622,0.271217004699707,True,REGULAR,USD,2027-06-17
AMZN270617P00245000,2025-10-23 19:02:39+00:00,245.0,45.33,44.65,45.15,-1.1299973,-2.432194,26.0,417,0.2676770010375976,True,REGULAR,USD,2027-06-17
AMZN270617P00250000,2025-10-23 18:49:56+00:00,250.0,48.58,47.7,48.25,-1.2699966,-2.5476363,20.0,726,0.26448794601440423,True,REGULAR,USD,2027-06-17
AMZN270617P00255000,2025-10-23 19:02:58+00:00,255.0,51.65,50.0,52.1,1.4700012,2.9294565,23.0,195,0.26711243148803715,True,REGULAR,USD,2027-06-17
AMZN270617P00260000,2025-10-23 18:59:21+00:00,260.0,54.86,54.15,54.7,0.8500023,1.573787,10.0,343,0.25736216278076174,True,REGULAR,USD,2027-06-17
AMZN270617P00265000,2025-10-23 18:31:30+00:00,265.0,58.25,57.5,58.05,1.3699989,2.4085774,8.0,282,0.2534254345703125,True,REGULAR,USD,2027-06-17
AMZN270617P00270000,2025-10-23 18:29:50+00:00,270.0,61.81,61.0,61.55,1.8900032,3.154211,4.0,291,0.24988543090820312,True,REGULAR,USD,2027-06-17
AMZN270617P00275000,2025-10-23 15:17:29+00:00,275.0,65.71,64.6,65.1,1.8699989,2.9291964,2.0,183,0.24578085769653318,True,REGULAR,USD,2027-06-17
AMZN270617P00280000,2025-10-23 17:41:36+00:00,280.0,69.28,68.25,68.8,-2.1500015,-3.0099418,7.0,284,0.24211878494262695,True,REGULAR,USD,2027-06-17
AMZN270617P00285000,2025-10-23 16:17:08+00:00,285.0,73.15,71.95,72.55,1.75,2.4509804,2.0,181,0.23787688400268553,True,REGULAR,USD,2027-06-17
AMZN270617P00290000,2025-10-23 16:18:30+00:00,290.0,76.96,75.85,76.45,1.3700027,1.8124127,2.0,112,0.23416903533935546,True,REGULAR,USD,2027-06-17
AMZN270617P00295000,2025-10-23 16:23:23+00:00,295.0,81.04,78.35,81.75,2.0699997,2.6212482,4.0,71,0.24613180633544923,True,REGULAR,USD,2027-06-17
AMZN270617P00300000,2025-10-23 16:34:22+00:00,300.0,85.1,83.85,84.45,2.0999985,2.5301187,2.0,113,0.22557842300415037,True,REGULAR,USD,2027-06-17
AMZN270617P00305000,2025-10-21 16:40:22+00:00,305.0,89.45,86.3,90.25,2.3499985,2.6980464,2.0,100,0.24372094177246095,True,REGULAR,USD,2027-06-17
AMZN270617P00310000,2025-10-21 18:34:04+00:00,310.0,91.45,92.25,92.85,0.0,0.0,3.0,314,0.21723194885253905,True,REGULAR,USD,2027-06-17
AMZN270617P00315000,2025-10-23 16:24:10+00:00,315.0,97.76,96.6,97.15,-4.189995,-4.109853,4.0,72,0.21250177154541017,True,REGULAR,USD,2027-06-17
AMZN270617P00320000,2025-10-21 19:00:15+00:00,320.0,102.45,100.95,101.6,2.5,2.5012507,9.0,163,0.20896176788330073,True,REGULAR,USD,2027-06-17
AMZN270617P00325000,2025-10-23 19:22:58+00:00,325.0,106.0,104.05,107.45,-2.9000015,-2.6629949,19.0,32,0.23056799713134768,True,REGULAR,USD,2027-06-17
AMZN270617P00330000,2025-10-23 18:36:00+00:00,330.0,111.1,110.0,110.65,2.0999985,1.9266042,16.0,6,0.2005695178222656,True,REGULAR,USD,2027-06-17
AMZN270617P00335000,2025-10-23 17:07:55+00:00,335.0,115.85,113.25,116.6,2.2799988,2.0075715,1.0,64,0.22705851074218747,True,REGULAR,USD,2027-06-17
AMZN270617P00340000,2025-10-22 14:27:05+00:00,340.0,123.3,119.35,119.95,0.0,0.0,1.0,129,0.19165847412109377,True,REGULAR,USD,2027-06-17
AMZN270617P00350000,2025-09-16 19:17:06+00:00,350.0,115.25,136.5,137.55,0.0,0.0,15.0,0,0.33563896789550784,True,REGULAR,USD,2027-06-17
AMZN270617P00360000,2025-08-27 18:47:16+00:00,360.0,130.91,138.25,142.15,0.0,0.0,2.0,0,0.26581544738769536,True,REGULAR,USD,2027-06-17
AMZN271217P00085000,2025-10-23 18:05:19+00:00,85.0,1.67,1.6,1.76,-0.13999999,-7.7348056,1.0,890,0.40332627929687503,False,REGULAR,USD,2027-12-17
AMZN271217P00090000,2025-10-17 19:34:46+00:00,90.0,2.34,1.88,2.01,0.0,0.0,1.0,132,0.39258419921875,False,REGULAR,USD,2027-12-17
AMZN271217P00095000,2025-10-17 19:33:43+00:00,95.0,2.73,2.2,2.33,0.0,0.0,2.0,306,0.38403936279296874,False,REGULAR,USD,2027-12-17
AMZN271217P00100000,2025-10-17 19:32:42+00:00,100.0,3.15,2.37,2.7,0.0,0.0,6.0,502,0.3763490100097656,False,REGULAR,USD,2027-12-17
AMZN271217P00105000,2025-10-22 15:24:44+00:00,105.0,3.25,2.97,3.15,0.0,0.0,1.0,158,0.3701845208740234,False,REGULAR,USD,2027-12-17
AMZN271217P00110000,2025-10-22 15:22:58+00:00,110.0,3.75,3.4,3.6,0.0,0.0,1.0,475,0.36286037536621096,False,REGULAR,USD,2027-12-17
AMZN271217P00115000,2025-10-23 14:21:22+00:00,115.0,4.33,3.95,4.15,0.25999975,6.3882,2.0,1207,0.35712312805175783,False,REGULAR,USD,2027-12-17
AMZN271217P00120000,2025-10-22 18:43:09+00:00,120.0,5.05,4.5,4.7,0.0,0.0,1.0,6628,0.35034829345703117,False,REGULAR,USD,2027-12-17
AMZN271217P00125000,2025-10-21 17:21:25+00:00,125.0,5.38,5.15,5.4,0.0,0.0,10.0,461,0.34577070251464836,False,REGULAR,USD,2027-12-17
AMZN271217P00130000,2025-10-23 18:02:37+00:00,130.0,6.08,5.9,6.1,-0.22000027,-3.4920676,6.0,794,0.34009448974609374,False,REGULAR,USD,2027-12-17
AMZN271217P00135000,2025-10-23 18:02:37+00:00,135.0,6.9,6.7,6.95,-0.4000001,-5.479453,18.0,4209,0.33600517517089845,False,REGULAR,USD,2027-12-17
AMZN271217P00140000,2025-10-20 15:58:09+00:00,140.0,8.68,7.55,7.8,0.0,0.0,2.0,9294,0.3308477560424804,False,REGULAR,USD,2027-12-17
AMZN271217P00145000,2025-10-23 17:35:15+00:00,145.0,8.82,8.55,8.8,0.29999924,3.5211177,3.0,928,0.32697206237792964,False,REGULAR,USD,2027-12-17
AMZN271217P00150000,2025-10-23 18:31:58+00:00,150.0,9.8,9.6,9.85,-0.7600002,-7.1969714,7.0,2920,0.3227606787109374,False,REGULAR,USD,2027-12-17
AMZN271217P00155000,2025-10-23 19:59:18+00:00,155.0,10.9,10.75,11.0,-0.57000065,-4.969491,83.0,1138,0.3188544677734374,False,REGULAR,USD,2027-12-17
AMZN271217P00160000,2025-10-23 18:45:55+00:00,160.0,12.27,11.95,12.25,-0.67999935,-5.250961,3.0,1976,0.31519239501953117,False,REGULAR,USD,2027-12-17
AMZN271217P00165000,2025-10-23 15:55:49+00:00,165.0,13.75,13.3,13.6,-0.6000004,-4.181187,1.0,718,0.3117286845397949,False,REGULAR,USD,2027-12-17
AMZN271217P00170000,2025-10-22 16:05:18+00:00,170.0,15.67,14.7,15.05,0.0,0.0,2.0,3582,0.3083870431518554,False,REGULAR,USD,2027-12-17
AMZN271217P00175000,2025-10-23 19:36:41+00:00,175.0,16.45,16.25,16.6,-0.76999855,-4.4715366,16.0,3462,0.3051522122192383,False,REGULAR,USD,2027-12-17
AMZN271217P00180000,2025-10-23 19:27:45+00:00,180.0,18.1,17.8,18.25,-0.75,-3.9787798,13.0,3297,0.3020089331054688,False,REGULAR,USD,2027-12-17
AMZN271217P00185000,2025-10-23 19:04:25+00:00,185.0,20.0,19.6,20.0,-1.2299995,-5.793686,17.0,3962,0.2988961712646484,False,REGULAR,USD,2027-12-17
AMZN271217P00190000,2025-10-23 19:36:31+00:00,190.0,21.65,20.45,22.85,-1.3900013,-6.032991,33.0,3235,0.30489281539916996,False,REGULAR,USD,2027-12-17
AMZN271217P00195000,2025-10-23 18:07:26+00:00,195.0,23.8,23.35,23.8,-0.70000076,-2.857146,8.0,677,0.29279271667480455,False,REGULAR,USD,2027-12-17
AMZN271217P00200000,2025-10-23 19:39:04+00:00,200.0,25.6,25.4,25.85,-1.0200005,-3.831707,20.0,2251,0.2897867652893066,False,REGULAR,USD,2027-12-17
AMZN271217P00205000,2025-10-23 18:33:38+00:00,205.0,28.01,27.55,28.0,-0.789999,-2.7430522,8.0,759,0.2867808139038085,False,REGULAR,USD,2027-12-17
AMZN271217P00210000,2025-10-23 19:28:18+00:00,210.0,30.15,29.75,30.25,-0.7600002,-2.458752,13.0,1334,0.28377486251831047,False,REGULAR,USD,2027-12-17
AMZN271217P00215000,2025-10-22 13:37:59+00:00,215.0,33.05,32.1,32.6,0.0,0.0,1.0,462,0.28078416976928705,False,REGULAR,USD,2027-12-17
AMZN271217P00220000,2025-10-23 19:29:01+00:00,220.0,34.93,34.55,35.0,-1.5200005,-4.1700974,12.0,3629,0.2773967524719238,False,REGULAR,USD,2027-12-17
AMZN271217P00225000,2025-10-23 18:36:37+00:00,225.0,37.65,37.05,37.55,0.7900009,2.1432471,13.0,468,0.2744060597229004,True,REGULAR,USD,2027-12-17
AMZN271217P00230000,2025-10-23 18:39:12+00:00,230.0,40.31,38.65,40.2,-0.9399986,-2.2787845,23.0,978,0.27141536697387697,True,REGULAR,USD,2027-12-17
AMZN271217P00235000,2025-10-23 15:58:18+00:00,235.0,43.37,42.4,42.95,-1.3300018,-2.9753954,8.0,523,0.26843993286132806,True,REGULAR,USD,2027-12-17
AMZN271217P00240000,2025-10-23 18:22:34+00:00,240.0,45.75,44.15,46.8,-1.3499985,-2.8662388,18.0,762,0.27317011016845705,True,REGULAR,USD,2027-12-17
AMZN271217P00245000,2025-10-23 15:18:00+00:00,245.0,49.1,46.0,51.0,-1.7800026,-3.4984326,2.0,246,0.2798991688537597,True,REGULAR,USD,2027-12-17
AMZN271217P00250000,2025-10-23 15:46:48+00:00,250.0,52.41,49.0,54.0,1.3899994,2.7244205,2.0,450,0.2766338206481933,True,REGULAR,USD,2027-12-17
AMZN271217P00255000,2025-10-23 17:00:50+00:00,255.0,54.87,52.0,57.0,1.1399994,2.1217186,1.0,418,0.2726513165283203,True,REGULAR,USD,2027-12-17
AMZN271217P00260000,2025-10-21 17:43:10+00:00,260.0,57.19,57.45,58.05,0.0,0.0,4.0,489,0.2524793991088867,True,REGULAR,USD,2027-12-17
AMZN271217P00265000,2025-10-21 16:54:04+00:00,265.0,60.1,58.5,63.5,0.0,0.0,2.0,265,0.26650208602905273,True,REGULAR,USD,2027-12-17
AMZN271217P00270000,2025-10-15 19:58:48+00:00,270.0,68.45,64.1,64.75,0.0,0.0,1.0,1030,0.2459181854248047,True,REGULAR,USD,2027-12-17
AMZN271217P00275000,2025-10-20 18:06:06+00:00,275.0,71.2,67.55,68.2,0.0,0.0,2.0,139,0.24228662994384764,True,REGULAR,USD,2027-12-17
AMZN271217P00280000,2025-10-20 18:05:03+00:00,280.0,74.9,69.0,74.0,0.0,0.0,2.0,947,0.25804880142211917,True,REGULAR,USD,2027-12-17
AMZN271217P00285000,2025-09-18 19:21:45+00:00,285.0,65.31,80.65,81.55,0.0,0.0,10.0,335,0.28826090164184565,True,REGULAR,USD,2027-12-17
AMZN271217P00290000,2025-10-21 19:38:40+00:00,290.0,78.11,78.45,79.15,0.0,0.0,2.0,1018,0.2316361016845703,True,REGULAR,USD,2027-12-17
AMZN271217P00295000,2025-09-30 18:53:28+00:00,295.0,81.61,82.2,82.95,0.0,0.0,2.0,15,0.2277604080200195,True,REGULAR,USD,2027-12-17
AMZN271217P00300000,2025-10-06 17:52:07+00:00,300.0,85.35,84.0,89.0,0.0,0.0,2.0,249,0.24539939178466796,True,REGULAR,USD,2027-12-17
AMZN271217P00305000,2025-10-16 13:30:48+00:00,305.0,94.5,88.0,93.0,0.0,0.0,1.0,177,0.24274438903808593,True,REGULAR,USD,2027-12-17
AMZN271217P00310000,2025-10-21 19:38:40+00:00,310.0,93.74,92.0,97.0,0.0,0.0,2.0,48,0.23935697174072262,True,REGULAR,USD,2027-12-17
AMZN271217P00315000,2025-10-22 16:30:39+00:00,315.0,101.3,98.3,99.1,0.0,0.0,1.0,48,0.21286797882080077,True,REGULAR,USD,2027-12-17
AMZN271217P00320000,2025-10-10 18:36:02+00:00,320.0,104.78,100.5,105.5,0.0,0.0,4.0,339,0.23578645080566402,True,REGULAR,USD,2027-12-17
AMZN271217P00330000,2025-10-23 17:08:01+00:00,330.0,112.7,109.5,114.5,6.25,5.871301,1.0,25,0.2357254162597656,True,REGULAR,USD,2027-12-17
AMZN271217P00340000,2025-10-23 14:45:17+00:00,340.0,121.7,118.5,123.5,0.5399933,0.4456861,1.0,2,0.23365024169921872,True,REGULAR,USD,2027-12-17
AMZN271217P00350000,2025-10-14 15:01:36+00:00,350.0,134.1,127.5,132.5,0.0,0.0,2.0,123,0.22919471984863282,True,REGULAR,USD,2027-12-17
AMZN280121P00115000,2025-10-21 15:31:20+00:00,115.0,4.35,4.0,4.45,0.0,0.0,3.0,200,0.35645174804687496,False,REGULAR,USD,2028-01-21
AMZN280121P00120000,2025-10-21 14:25:53+00:00,120.0,5.0,4.65,5.2,0.0,0.0,6.0,27,0.35336950347900387,False,REGULAR,USD,2028-01-21
AMZN280121P00125000,2025-10-22 17:18:12+00:00,125.0,5.9,5.3,5.7,0.0,0.0,1.0,137,0.3441532870483398,False,REGULAR,USD,2028-01-21
AMZN280121P00130000,2025-10-22 14:57:27+00:00,130.0,6.71,6.0,6.6,0.0,0.0,2.0,44,0.34158983612060545,False,REGULAR,USD,2028-01-21
AMZN280121P00135000,2025-10-20 16:03:00+00:00,135.0,7.9,6.8,7.55,0.0,0.0,1.0,124,0.3385381088256836,False,REGULAR,USD,2028-01-21
AMZN280121P00140000,2025-10-22 19:47:58+00:00,140.0,8.62,7.7,8.35,0.0,0.0,3.0,277,0.3320379296875,False,REGULAR,USD,2028-01-21
AMZN280121P00145000,2025-10-22 19:47:58+00:00,145.0,9.62,8.65,9.35,0.0,0.0,3.0,107,0.32767395965576174,False,REGULAR,USD,2028-01-21
AMZN280121P00150000,2025-10-23 14:49:15+00:00,150.0,10.3,9.75,10.4,-0.34999943,-3.2863798,7.0,1723,0.3230353341674803,False,REGULAR,USD,2028-01-21
AMZN280121P00155000,2025-10-23 19:59:18+00:00,155.0,11.39,10.75,11.4,-0.52999973,-4.446306,85.0,963,0.3169318795776367,False,REGULAR,USD,2028-01-21
AMZN280121P00160000,2025-10-23 18:41:46+00:00,160.0,12.8,12.15,12.8,-0.6399994,-4.7619004,11.0,468,0.3147956704711914,False,REGULAR,USD,2028-01-21
AMZN280121P00165000,2025-10-20 16:39:46+00:00,165.0,15.3,13.5,14.3,0.0,0.0,10.0,92,0.31270523727416993,False,REGULAR,USD,2028-01-21
AMZN280121P00170000,2025-10-23 18:35:22+00:00,170.0,15.68,14.95,15.7,-0.47999954,-2.9702942,16.0,1110,0.3085396295166015,False,REGULAR,USD,2028-01-21
AMZN280121P00175000,2025-10-23 15:12:44+00:00,175.0,17.22,16.5,17.2,0.539999,3.237404,94.0,272,0.3045723840332031,False,REGULAR,USD,2028-01-21
AMZN280121P00180000,2025-10-23 18:05:55+00:00,180.0,18.71,18.0,19.15,-0.84000015,-4.296676,23.0,869,0.30408410766601557,False,REGULAR,USD,2028-01-21
AMZN280121P00185000,2025-10-21 14:12:08+00:00,185.0,20.4,19.75,20.9,0.0,0.0,3.0,25,0.30072720764160155,False,REGULAR,USD,2028-01-21
AMZN280121P00190000,2025-10-21 18:58:54+00:00,190.0,21.71,21.6,22.75,0.0,0.0,20.0,851,0.2974466007995605,False,REGULAR,USD,2028-01-21
AMZN280121P00195000,2025-10-22 18:56:13+00:00,195.0,24.28,23.5,24.75,-1.25,-4.8962,1.0,62,0.2946695289611816,False,REGULAR,USD,2028-01-21
AMZN280121P00200000,2025-10-22 14:37:58+00:00,200.0,27.45,25.55,26.8,0.0,0.0,18.0,879,0.29149573257446276,False,REGULAR,USD,2028-01-21
AMZN280121P00210000,2025-10-23 17:27:36+00:00,210.0,30.9,29.95,31.2,-1.0500011,-3.2863884,3.0,299,0.28527020889282223,False,REGULAR,USD,2028-01-21
AMZN280121P00220000,2025-10-23 18:05:55+00:00,220.0,35.72,34.85,36.05,-1.0299988,-2.8027177,11.0,1657,0.2795634788513183,False,REGULAR,USD,2028-01-21
AMZN280121P00230000,2025-10-23 16:50:37+00:00,230.0,40.9,39.85,41.25,-0.75,-1.8007202,103.0,301,0.2735668347167969,True,REGULAR,USD,2028-01-21
AMZN280121P00240000,2025-10-23 18:23:10+00:00,240.0,46.38,45.4,46.85,-0.86999893,-1.8412676,50.0,88,0.2676770010375976,True,REGULAR,USD,2028-01-21
AMZN280121P00250000,2025-10-20 18:07:59+00:00,250.0,54.9,51.25,54.5,0.0,0.0,2.0,79,0.27448235290527345,True,REGULAR,USD,2028-01-21
AMZN280121P00260000,2025-10-23 14:50:24+00:00,260.0,59.11,56.0,61.0,-0.34999847,-0.5886285,5.0,80,0.2699200205993652,True,REGULAR,USD,2028-01-21
AMZN280121P00270000,2025-10-20 18:07:12+00:00,270.0,68.17,62.5,67.5,0.0,0.0,2.0,57,0.2626721682739258,True,REGULAR,USD,2028-01-21
AMZN280121P00280000,2025-10-22 19:14:59+00:00,280.0,74.37,69.5,74.5,0.0,0.0,2.0,65,0.256645006866455,True,REGULAR,USD,2028-01-21
AMZN280121P00290000,2025-10-22 19:15:35+00:00,290.0,81.87,77.0,82.0,0.0,0.0,4.0,55,0.2521131918334961,True,REGULAR,USD,2028-01-21
AMZN280121P00300000,2025-10-23 13:51:02+00:00,300.0,87.87,86.05,87.95,-1.8499985,-2.0619688,1.0,22,0.23007972076416017,True,REGULAR,USD,2028-01-21
AMZN280121P00310000,2025-10-21 18:08:29+00:00,310.0,94.28,92.5,97.5,0.0,0.0,1.0,135,0.2393264544677734,True,REGULAR,USD,2028-01-21
AMZN280121P00320000,2025-10-20 16:55:27+00:00,320.0,108.4,101.0,106.0,0.0,0.0,1.0,34,0.23630524444580076,True,REGULAR,USD,2028-01-21
AMZN280121P00330000,2025-10-15 18:59:54+00:00,330.0,117.19,111.05,113.0,0.0,0.0,1.0,106,0.21112849426269528,True,REGULAR,USD,2028-01-21
AMZN280121P00340000,2025-10-23 13:51:02+00:00,340.0,121.77,120.0,121.95,-2.2300034,-1.7983898,1.0,197,0.20575745422363279,True,REGULAR,USD,2028-01-21
