contractSymbol,lastTradeDate,strike,lastPrice,bid,ask,change,percentChange,volume,openInterest,impliedVolatility,inTheMoney,contractSize,currency,expiration
LCID250919P00000500,2025-07-23 14:45:57+00:00,0.5,0.01,0.0,0.13,0.0,0.0,4.0,5,14.875000703125,False,REGULAR,USD,2025-09-19
LCID250919P00001000,2025-08-22 19:21:00+00:00,1.0,0.01,0.0,0.01,0.0,0.0,200.0,236,8.000005,False,REGULAR,USD,2025-09-19
LCID250919P00001500,2025-08-29 19:29:32+00:00,1.5,0.02,0.01,0.02,0.0,0.0,885.0,1674,7.7500003125,False,REGULAR,USD,2025-09-19
LCID250919P00002000,2025-08-29 19:51:29+00:00,2.0,0.16,0.15,0.16,0.03,23.0769,15120.0,60651,10.031253730468752,False,REGULAR,USD,2025-09-19
LCID250919P00002500,2025-08-29 19:59:32+00:00,2.5,0.55,0.51,0.57,0.05,10.0,166.0,10388,12.4375022265625,False,REGULAR,USD,2025-09-19
LCID250919P00003000,2025-08-29 19:09:38+00:00,3.0,1.04,1.02,1.07,0.0699999,7.21649,40.0,63053,14.312501054687502,False,REGULAR,USD,2025-09-19
LCID250919P00003500,2025-08-27 16:16:43+00:00,3.5,1.47,1.51,1.56,0.0,0.0,31.0,421,15.484375322265624,False,REGULAR,USD,2025-09-19
LCID250919P00004000,2025-08-27 18:27:45+00:00,4.0,1.96,2.01,2.06,0.0,0.0,10.0,77,16.40625487304688,False,REGULAR,USD,2025-09-19
LCID250919P00004500,2025-08-28 19:30:35+00:00,4.5,2.43,2.5,2.55,0.0,0.0,1.0,28,17.10156715576172,False,REGULAR,USD,2025-09-19
LCID250919P00005000,2025-09-03 19:00:32+00:00,5.0,0.04,0.0,0.01,0.0,0.0,5.0,6,3.6250009375000003,False,REGULAR,USD,2025-09-19
LCID250919P00005500,2025-07-22 19:10:16+00:00,5.5,2.5,3.25,3.7,0.0,0.0,,1,18.023441867675785,False,REGULAR,USD,2025-09-19
LCID250919P00006000,2025-08-06 14:48:30+00:00,6.0,3.8,3.95,4.05,0.0,0.0,1.0,0,18.593754189453126,False,REGULAR,USD,2025-09-19
LCID250919P00008000,2025-07-23 17:13:53+00:00,8.0,5.0,5.9,6.3,0.0,0.0,,0,20.398441125488283,False,REGULAR,USD,2025-09-19
LCID250919P00010000,2025-09-08 13:30:00+00:00,10.0,0.03,0.0,0.3,0.0,0.0,100.0,265,3.05468986328125,False,REGULAR,USD,2025-09-19
LCID250919P00011000,2025-09-05 15:52:57+00:00,11.0,0.05,0.0,0.1,0.0,0.0,5.0,27,2.156254609375,False,REGULAR,USD,2025-09-19
LCID250919P00012000,2025-09-11 15:12:51+00:00,12.0,0.01,0.0,0.16,0.0,0.0,1.0,450,2.031254921875,False,REGULAR,USD,2025-09-19
LCID250919P00012500,2025-09-10 13:55:54+00:00,12.5,0.02,0.0,0.19,0.0,0.0,1.0,2,1.9453127734375002,False,REGULAR,USD,2025-09-19
LCID250919P00013000,2025-09-12 18:49:25+00:00,13.0,0.01,0.0,0.01,-0.01,-50.0,12.0,461,1.125004375,False,REGULAR,USD,2025-09-19
LCID250919P00013500,2025-09-12 14:33:09+00:00,13.5,0.01,0.0,0.01,-0.02,-66.66667,5.0,25,1.0312548437500002,False,REGULAR,USD,2025-09-19
LCID250919P00014000,2025-09-12 16:11:20+00:00,14.0,0.02,0.0,0.01,0.01,100.0,106.0,4170,0.937500625,False,REGULAR,USD,2025-09-19
LCID250919P00014500,2025-09-09 18:15:41+00:00,14.5,0.01,0.0,0.01,-0.049999997,-83.33333,1.0,863,0.8437515624999999,False,REGULAR,USD,2025-09-19
LCID250919P00015000,2025-09-12 16:38:56+00:00,15.0,0.03,0.02,0.03,0.0,0.0,185.0,11807,0.9531254687499999,False,REGULAR,USD,2025-09-19
LCID250919P00015500,2025-09-12 14:24:24+00:00,15.5,0.04,0.02,0.03,-0.010000002,-20.000004,10.0,721,0.8437515624999999,False,REGULAR,USD,2025-09-19
LCID250919P00016000,2025-09-12 18:49:40+00:00,16.0,0.05,0.04,0.06,-0.06999999,-58.333332,25.0,10733,0.851563984375,False,REGULAR,USD,2025-09-19
LCID250919P00016500,2025-09-12 19:43:56+00:00,16.5,0.08,0.07,0.1,-0.020000003,-20.000004,202.0,325,0.8359391406249999,False,REGULAR,USD,2025-09-19
LCID250919P00017000,2025-09-12 19:36:13+00:00,17.0,0.15,0.12,0.15,0.0,0.0,225.0,738,0.8125018749999999,False,REGULAR,USD,2025-09-19
LCID250919P00017500,2025-09-12 19:28:56+00:00,17.5,0.23,0.2,0.23,0.040000007,21.052635,91.0,297,0.8007832421875,False,REGULAR,USD,2025-09-19
LCID250919P00018000,2025-09-12 19:45:09+00:00,18.0,0.33,0.33,0.35,0.030000001,10.0,434.0,987,0.8027363476562499,False,REGULAR,USD,2025-09-19
LCID250919P00018500,2025-09-12 19:49:00+00:00,18.5,0.51,0.5,0.52,0.109999985,27.499994,496.0,1165,0.80664255859375,False,REGULAR,USD,2025-09-19
LCID250919P00019000,2025-09-12 19:38:45+00:00,19.0,0.76,0.71,0.75,0.13,20.63492,689.0,3678,0.81445498046875,False,REGULAR,USD,2025-09-19
LCID250919P00019500,2025-09-12 19:53:22+00:00,19.5,1.01,0.98,1.04,0.18,21.686749,509.0,412,0.8339860351562498,True,REGULAR,USD,2025-09-19
LCID250919P00020000,2025-09-12 19:28:41+00:00,20.0,1.34,1.29,1.39,0.25,22.93578,113.0,5998,0.86132951171875,True,REGULAR,USD,2025-09-19
LCID250919P00020500,2025-09-11 15:46:16+00:00,20.5,1.4,1.64,1.81,0.0,0.0,26.0,105,0.9062509375,True,REGULAR,USD,2025-09-19
LCID250919P00021000,2025-09-12 14:23:16+00:00,21.0,2.27,2.06,2.19,0.44999993,24.72527,3.0,199,0.93945373046875,True,REGULAR,USD,2025-09-19
LCID250919P00021500,2025-09-09 16:59:34+00:00,21.5,3.04,2.41,2.77,0.0,0.0,3.0,40,1.0234423828125,True,REGULAR,USD,2025-09-19
LCID250919P00022000,2025-09-09 17:00:17+00:00,22.0,3.46,2.87,3.2,0.0,0.0,1.0,42,1.0703171484375003,True,REGULAR,USD,2025-09-19
LCID250919P00022500,2025-09-12 18:42:59+00:00,22.5,3.55,2.73,3.55,0.119999886,3.498539,1.0,24,1.1953165234375,True,REGULAR,USD,2025-09-19
LCID250919P00023000,2025-09-10 17:31:03+00:00,23.0,3.9,3.85,4.15,0.0,0.0,3.0,38,1.2265663671875,True,REGULAR,USD,2025-09-19
LCID250919P00023500,2025-09-05 14:19:13+00:00,23.5,7.15,4.3,4.6,0.0,0.0,8.0,8,1.2421912890624998,True,REGULAR,USD,2025-09-19
LCID250919P00024000,2025-09-08 16:36:17+00:00,24.0,6.3,4.8,5.1,0.0,0.0,1.0,9,1.3281283593749997,True,REGULAR,USD,2025-09-19
LCID250919P00025000,2025-09-12 15:12:54+00:00,25.0,5.9,5.8,6.05,0.38999987,7.0780373,5.0,9431,1.4453152734375,True,REGULAR,USD,2025-09-19
LCID250919P00026000,2025-09-09 13:51:56+00:00,26.0,7.7,6.7,7.1,0.0,0.0,5.0,7,1.54297103515625,True,REGULAR,USD,2025-09-19
LCID250919P00027000,2025-09-05 14:18:49+00:00,27.0,10.5,7.7,8.05,0.0,0.0,7.0,23,1.625001875,True,REGULAR,USD,2025-09-19
LCID250919P00028000,2025-09-09 13:51:56+00:00,28.0,9.7,8.75,9.0,0.0,0.0,5.0,58,1.75000125,True,REGULAR,USD,2025-09-19
LCID250919P00035000,2025-09-09 13:51:56+00:00,35.0,16.65,15.7,16.05,0.0,0.0,8.0,10,2.488285029296875,True,REGULAR,USD,2025-09-19
LCID250919P00038000,2025-09-08 15:27:44+00:00,38.0,20.1,18.7,19.0,0.0,0.0,5.0,6,2.6562533593750004,True,REGULAR,USD,2025-09-19
LCID250926P00001500,2025-08-29 19:16:15+00:00,1.5,0.02,0.02,0.04,0.0,0.0,362.0,458,6.0000025,False,REGULAR,USD,2025-09-26
LCID250926P00002000,2025-08-29 19:59:14+00:00,2.0,0.17,0.17,0.18,0.03,21.4286,388.0,2479,7.2812508984375,False,REGULAR,USD,2025-09-26
LCID250926P00002500,2025-08-29 15:53:13+00:00,2.5,0.57,0.55,0.6,0.07,14.0,25.0,412,8.984379384765624,False,REGULAR,USD,2025-09-26
LCID250926P00003000,2025-08-29 13:34:11+00:00,3.0,0.94,0.98,1.13,-0.05,-5.05051,7.0,41,10.15625365234375,False,REGULAR,USD,2025-09-26
LCID250926P00003500,2025-08-28 13:49:10+00:00,3.5,1.47,1.46,1.66,0.0,0.0,1.0,4,11.039065600585937,False,REGULAR,USD,2025-09-26
LCID250926P00004500,2025-08-29 16:34:35+00:00,4.5,2.54,2.43,2.63,0.3,13.3929,1.0,12,12.109377431640628,False,REGULAR,USD,2025-09-26
LCID250926P00011000,2025-09-05 14:17:24+00:00,11.0,0.19,0.0,0.15,0.0,0.0,1.0,1,1.640626796875,False,REGULAR,USD,2025-09-26
LCID250926P00012000,2025-09-12 17:12:22+00:00,12.0,0.01,0.01,0.21,0.0,0.0,3.0,13,1.5312523437499999,False,REGULAR,USD,2025-09-26
LCID250926P00012500,2025-09-10 16:28:21+00:00,12.5,0.24,0.0,0.16,0.0,0.0,1.0,11,1.3281283593749997,False,REGULAR,USD,2025-09-26
LCID250926P00013500,2025-09-11 13:59:27+00:00,13.5,0.04,0.0,0.17,0.0,0.0,2.0,14,1.140629296875,False,REGULAR,USD,2025-09-26
LCID250926P00014000,2025-09-11 19:14:21+00:00,14.0,0.06,0.05,0.27,0.0,0.0,3.0,59,1.2109414453124998,False,REGULAR,USD,2025-09-26
LCID250926P00014500,2025-09-12 15:59:15+00:00,14.5,0.08,0.02,0.29,0.009999998,14.285712,1.0,25,1.0976607617187502,False,REGULAR,USD,2025-09-26
LCID250926P00015000,2025-09-12 17:12:22+00:00,15.0,0.12,0.07,0.11,0.009999998,9.090907,6.0,595,0.867188828125,False,REGULAR,USD,2025-09-26
LCID250926P00015500,2025-09-12 15:28:54+00:00,15.5,0.16,0.0,0.14,0.0,0.0,4.0,41,0.73437765625,False,REGULAR,USD,2025-09-26
LCID250926P00016000,2025-09-12 17:55:52+00:00,16.0,0.19,0.15,0.19,-0.030000001,-13.636364,4.0,81,0.8183611914062499,False,REGULAR,USD,2025-09-26
LCID250926P00016500,2025-09-12 16:17:15+00:00,16.5,0.25,0.21,0.26,-0.050000012,-16.66667,13.0,151,0.79883013671875,False,REGULAR,USD,2025-09-26
LCID250926P00017000,2025-09-12 19:19:10+00:00,17.0,0.35,0.32,0.34,0.049999982,16.66666,159.0,175,0.79101771484375,False,REGULAR,USD,2025-09-26
LCID250926P00017500,2025-09-12 19:07:46+00:00,17.5,0.46,0.44,0.49,0.07000002,17.948725,158.0,284,0.7949239257812499,False,REGULAR,USD,2025-09-26
LCID250926P00018000,2025-09-12 17:43:18+00:00,18.0,0.65,0.6,0.66,0.099999964,18.18181,55.0,92,0.795900478515625,False,REGULAR,USD,2025-09-26
LCID250926P00018500,2025-09-12 17:45:22+00:00,18.5,0.91,0.83,0.87,0.22000003,31.884062,71.0,4834,0.8125018749999999,False,REGULAR,USD,2025-09-26
LCID250926P00019000,2025-09-12 19:21:04+00:00,19.0,1.13,1.07,1.13,0.15999997,16.494843,120.0,189,0.8251970605468748,False,REGULAR,USD,2025-09-26
LCID250926P00019500,2025-09-12 19:01:07+00:00,19.5,1.4,1.35,1.43,0.22000003,18.64407,82.0,216,0.84179845703125,True,REGULAR,USD,2025-09-26
LCID250926P00020000,2025-09-12 17:59:21+00:00,20.0,1.76,1.68,1.75,0.36,25.714287,35.0,37,0.8623060644531251,True,REGULAR,USD,2025-09-26
LCID250926P00020500,2025-09-11 15:55:51+00:00,20.5,2.18,2.01,2.27,0.43000007,24.571432,1.0,91,0.93164130859375,True,REGULAR,USD,2025-09-26
LCID250926P00022500,2025-09-08 14:37:21+00:00,22.5,5.0,2.56,4.3,0.0,0.0,2.0,2,0.7226590234375,True,REGULAR,USD,2025-09-26
LCID250926P00023000,2025-09-08 15:04:30+00:00,23.0,5.3,2.92,4.4,0.0,0.0,1.0,4,1.224613251953125,True,REGULAR,USD,2025-09-26
LCID250926P00028000,2025-09-05 14:11:55+00:00,28.0,11.55,8.8,9.25,0.0,0.0,3.0,3,1.46484642578125,True,REGULAR,USD,2025-09-26
LCID251003P00001500,2025-08-29 19:58:05+00:00,1.5,0.04,0.03,0.04,0.02,100.0,222.0,59,5.0312537109374995,False,REGULAR,USD,2025-10-03
LCID251003P00002000,2025-08-29 19:59:20+00:00,2.0,0.19,0.19,0.21,0.00999999,5.55555,188.0,4036,6.125002343749999,False,REGULAR,USD,2025-10-03
LCID251003P00002500,2025-08-29 19:24:42+00:00,2.5,0.6,0.58,0.61,0.05,9.09091,1.0,82,7.4218757226562495,False,REGULAR,USD,2025-10-03
LCID251003P00003000,2025-08-28 17:05:20+00:00,3.0,1.02,0.94,1.27,0.0,0.0,,5,8.468754707031248,False,REGULAR,USD,2025-10-03
LCID251003P00003500,2025-08-28 16:27:56+00:00,3.5,1.54,1.43,1.69,0.0,0.0,,3,9.015629365234375,False,REGULAR,USD,2025-10-03
LCID251003P00004000,2025-08-29 13:30:01+00:00,4.0,1.95,1.89,2.14,0.0,0.0,3.0,0,9.414066616210937,False,REGULAR,USD,2025-10-03
LCID251003P00012000,2025-09-08 16:17:25+00:00,12.0,0.11,0.0,0.18,0.0,0.0,1.0,26,1.19922275390625,False,REGULAR,USD,2025-10-03
LCID251003P00013000,2025-09-11 15:56:43+00:00,13.0,0.12,0.05,0.19,0.0,0.0,15.0,17,1.09375453125,False,REGULAR,USD,2025-10-03
LCID251003P00014000,2025-09-09 15:57:20+00:00,14.0,0.14,0.07,0.13,0.0,0.0,4.0,27,0.8828136718749999,False,REGULAR,USD,2025-10-03
LCID251003P00014500,2025-09-12 16:09:37+00:00,14.5,0.16,0.0,0.15,-0.13,-44.827587,5.0,8,0.7539087109375,False,REGULAR,USD,2025-10-03
LCID251003P00015000,2025-09-10 19:00:56+00:00,15.0,0.16,0.14,0.19,-0.07000001,-30.434784,1.0,51,0.8281267187499999,False,REGULAR,USD,2025-10-03
LCID251003P00015500,2025-09-11 16:14:23+00:00,15.5,0.24,0.19,0.25,0.059999987,33.333324,1.0,121,0.8105487695312499,False,REGULAR,USD,2025-10-03
LCID251003P00016000,2025-09-12 18:15:40+00:00,16.0,0.32,0.27,0.33,0.060000002,23.076925,2.0,18,0.804689453125,False,REGULAR,USD,2025-10-03
LCID251003P00016500,2025-09-12 19:59:50+00:00,16.5,0.39,0.39,0.43,0.029999971,8.333325,58.0,44,0.805666005859375,False,REGULAR,USD,2025-10-03
LCID251003P00017000,2025-09-12 17:14:41+00:00,17.0,0.62,0.5,0.56,-0.32999998,-34.736843,37.0,35,0.79687703125,False,REGULAR,USD,2025-10-03
LCID251003P00017500,2025-09-12 18:28:59+00:00,17.5,0.7,0.65,0.73,0.099999964,16.66666,2.0,17,0.79883013671875,False,REGULAR,USD,2025-10-03
LCID251003P00018000,2025-09-12 16:45:37+00:00,18.0,1.05,0.86,0.93,0.28999996,38.15789,12.0,53,0.8115253222656249,False,REGULAR,USD,2025-10-03
LCID251003P00018500,2025-09-12 18:28:23+00:00,18.5,1.12,1.08,1.17,-0.13,-10.4,5.0,24,0.8203142968749999,False,REGULAR,USD,2025-10-03
LCID251003P00019000,2025-09-12 15:36:26+00:00,19.0,1.5,1.35,1.44,0.35000002,30.434784,1.0,49,0.8359391406249999,False,REGULAR,USD,2025-10-03
LCID251003P00019500,2025-09-12 17:27:14+00:00,19.5,1.85,1.66,1.73,0.32000005,20.915035,1.0,34,0.8535170898437501,True,REGULAR,USD,2025-10-03
LCID251003P00022000,2025-09-10 15:59:58+00:00,22.0,3.55,2.39,3.65,0.0,0.0,1.0,1,0.6054726953125001,True,REGULAR,USD,2025-10-03
LCID251003P00022500,2025-09-05 13:56:16+00:00,22.5,6.4,3.9,4.05,0.0,0.0,5.0,5,0.981445498046875,True,REGULAR,USD,2025-10-03
LCID251003P00023500,2025-09-05 15:50:59+00:00,23.5,6.4,4.8,4.95,0.0,0.0,1.0,1,1.0459032080078128,True,REGULAR,USD,2025-10-03
LCID251003P00025000,2025-09-10 17:04:11+00:00,25.0,5.87,6.15,6.4,0.0,0.0,4.0,23,1.1435589697265625,True,REGULAR,USD,2025-10-03
LCID251003P00027000,2025-09-05 13:56:23+00:00,27.0,10.7,7.7,8.35,0.0,0.0,5.0,5,1.115238798828125,True,REGULAR,USD,2025-10-03
LCID251010P00001500,2025-08-29 19:03:16+00:00,1.5,0.04,0.02,0.04,0.0,0.0,5.0,0,4.2500046875,False,REGULAR,USD,2025-10-10
LCID251010P00002000,2025-08-29 19:24:25+00:00,2.0,0.23,0.2,0.31,0.08,53.3333,120.0,3,5.632815458984375,False,REGULAR,USD,2025-10-10
LCID251010P00002500,2025-08-29 16:28:39+00:00,2.5,0.58,0.57,0.69,0.02,3.57142,3.0,9,6.5546893066406255,False,REGULAR,USD,2025-10-10
LCID251010P00012000,2025-09-10 14:45:03+00:00,12.0,0.5,0.0,0.67,0.0,0.0,8.0,9,1.4296903515625,False,REGULAR,USD,2025-10-10
LCID251010P00012500,2025-09-05 18:39:36+00:00,12.5,0.23,0.0,0.43,0.0,0.0,15.0,15,1.1777384863281248,False,REGULAR,USD,2025-10-10
LCID251010P00013000,2025-09-09 14:07:04+00:00,13.0,0.23,0.0,0.18,0.0,0.0,2.0,4,0.8906260937499999,False,REGULAR,USD,2025-10-10
LCID251010P00013500,2025-09-04 19:37:08+00:00,13.5,1.03,0.0,0.2,0.0,0.0,,6,0.8359391406249999,False,REGULAR,USD,2025-10-10
LCID251010P00014000,2025-09-05 18:33:20+00:00,14.0,0.43,0.0,0.28,0.0,0.0,1.0,1,0.8281267187499999,False,REGULAR,USD,2025-10-10
LCID251010P00014500,2025-09-05 17:15:20+00:00,14.5,0.6,0.13,0.33,0.0,0.0,1.0,202,0.8652357226562499,False,REGULAR,USD,2025-10-10
LCID251010P00015000,2025-09-11 16:32:27+00:00,15.0,0.24,0.23,0.34,0.0,0.0,5.0,154,0.84179845703125,False,REGULAR,USD,2025-10-10
LCID251010P00015500,2025-09-12 17:04:34+00:00,15.5,0.43,0.33,0.39,-1.3599999,-75.977646,6.0,9,0.8271501660156249,False,REGULAR,USD,2025-10-10
LCID251010P00016000,2025-09-09 19:32:24+00:00,16.0,0.43,0.41,0.48,-0.17000002,-28.333336,5.0,9,0.8085956640624999,False,REGULAR,USD,2025-10-10
LCID251010P00016500,2025-09-09 15:26:06+00:00,16.5,0.68,0.54,0.61,-0.13999999,-17.07317,4.0,13,0.8085956640624999,False,REGULAR,USD,2025-10-10
LCID251010P00017000,2025-09-10 17:57:09+00:00,17.0,0.78,0.68,0.78,0.0,0.0,9.0,11,0.8105487695312499,False,REGULAR,USD,2025-10-10
LCID251010P00018000,2025-09-11 18:38:50+00:00,18.0,1.05,1.1,1.2,0.0,0.0,4.0,49,0.8339860351562498,False,REGULAR,USD,2025-10-10
LCID251010P00018500,2025-09-12 19:44:25+00:00,18.5,1.38,1.33,1.44,0.100000024,7.8125024,3.0,9,0.8378922460937499,False,REGULAR,USD,2025-10-10
LCID251010P00030000,2025-09-11 15:53:54+00:00,30.0,10.5,10.9,11.7,0.0,0.0,2.0,3,1.39453427734375,True,REGULAR,USD,2025-10-10
LCID251017P00001000,2025-08-29 19:58:36+00:00,1.0,0.02,0.0,0.02,0.0,0.0,10.0,0,3.8750003125,False,REGULAR,USD,2025-10-17
LCID251017P00001500,2025-08-29 19:22:01+00:00,1.5,0.04,0.04,0.05,-0.01,-20.0,854.0,11323,4.062504921875,False,REGULAR,USD,2025-10-17
LCID251017P00002000,2025-08-29 19:59:28+00:00,2.0,0.24,0.22,0.25,0.02,9.09091,950.0,9899,4.937503828124999,False,REGULAR,USD,2025-10-17
LCID251017P00002500,2025-08-29 19:59:28+00:00,2.5,0.61,0.59,0.63,0.03,5.17242,28.0,6201,5.79687775390625,False,REGULAR,USD,2025-10-17
LCID251017P00003000,2025-08-29 16:22:14+00:00,3.0,1.06,1.04,1.09,0.0599999,5.99999,1.0,871,6.453126933593751,False,REGULAR,USD,2025-10-17
LCID251017P00003500,2025-08-29 13:47:14+00:00,3.5,1.52,1.52,1.58,0.03,2.01342,1.0,29,6.960938798828126,False,REGULAR,USD,2025-10-17
LCID251017P00004500,2025-08-25 14:31:26+00:00,4.5,2.47,2.46,2.72,0.0,0.0,6.0,7,7.785156518554688,False,REGULAR,USD,2025-10-17
LCID251017P00005000,2025-09-12 15:38:02+00:00,5.0,0.01,0.0,0.05,-0.01,-50.0,4.0,820,1.9375003125,False,REGULAR,USD,2025-10-17
LCID251017P00010000,2025-09-11 15:20:29+00:00,10.0,0.05,0.03,0.15,-0.029999997,-37.499996,30.0,320,1.23047259765625,False,REGULAR,USD,2025-10-17
LCID251017P00011000,2025-09-09 18:05:35+00:00,11.0,0.08,0.0,0.17,0.0,0.0,1.0,74,1.0625046875000002,False,REGULAR,USD,2025-10-17
LCID251017P00012000,2025-09-11 14:44:02+00:00,12.0,0.15,0.05,0.2,-0.00999999,-6.2499943,1.0,128,0.9960937890625,False,REGULAR,USD,2025-10-17
LCID251017P00013000,2025-09-12 14:58:28+00:00,13.0,0.18,0.13,0.18,0.040000007,28.571432,32.0,1159,0.8984385156249999,False,REGULAR,USD,2025-10-17
LCID251017P00014000,2025-09-12 16:02:45+00:00,14.0,0.29,0.25,0.35,0.08,38.095238,1.0,208,0.9160164648437501,False,REGULAR,USD,2025-10-17
LCID251017P00015000,2025-09-12 19:41:11+00:00,15.0,0.42,0.36,0.43,0.06999999,19.999998,675.0,4433,0.84179845703125,False,REGULAR,USD,2025-10-17
LCID251017P00016000,2025-09-12 19:37:36+00:00,16.0,0.62,0.58,0.64,0.06999999,12.727271,23.0,2444,0.8261736132812498,False,REGULAR,USD,2025-10-17
LCID251017P00017000,2025-09-12 17:54:22+00:00,17.0,0.95,0.9,0.95,0.14999998,18.749996,36.0,1393,0.8261736132812498,False,REGULAR,USD,2025-10-17
LCID251017P00018000,2025-09-12 17:41:32+00:00,18.0,1.41,1.29,1.39,0.20999992,17.499992,28.0,1087,0.8320329296874999,False,REGULAR,USD,2025-10-17
LCID251017P00019000,2025-09-12 19:49:47+00:00,19.0,1.82,1.82,1.91,0.120000005,7.058824,16.0,1135,0.848634326171875,False,REGULAR,USD,2025-10-17
LCID251017P00020000,2025-09-12 19:40:53+00:00,20.0,2.49,2.45,2.52,0.21000004,9.210528,561.0,3598,0.86914193359375,True,REGULAR,USD,2025-10-17
LCID251017P00021000,2025-09-11 19:59:43+00:00,21.0,2.85,3.15,3.25,0.0,0.0,567.0,560,0.9008798974609374,True,REGULAR,USD,2025-10-17
LCID251017P00022000,2025-09-10 18:07:21+00:00,22.0,3.85,3.9,4.1,0.0,0.0,27.0,48,0.9443364941406249,True,REGULAR,USD,2025-10-17
LCID251017P00023000,2025-09-04 13:30:10+00:00,23.0,7.4,4.6,5.05,0.0,0.0,,5,0.9785158398437501,True,REGULAR,USD,2025-10-17
LCID251017P00024000,2025-09-04 13:30:10+00:00,24.0,8.25,5.5,5.8,0.0,0.0,,5,0.9960937890625,True,REGULAR,USD,2025-10-17
LCID251017P00025000,2025-09-12 18:09:07+00:00,25.0,6.58,6.4,6.7,-1.6199999,-19.756096,740.0,5,1.0361376318359379,True,REGULAR,USD,2025-10-17
LCID251017P00029000,2025-09-04 13:40:39+00:00,29.0,13.9,10.1,10.65,0.0,0.0,,2,1.2334022705078125,True,REGULAR,USD,2025-10-17
LCID251017P00030000,2025-09-04 13:30:10+00:00,30.0,14.0,11.1,11.55,0.0,0.0,,1,1.2636755566406248,True,REGULAR,USD,2025-10-17
LCID251017P00035000,2025-09-04 13:30:10+00:00,35.0,18.9,15.95,16.55,0.0,0.0,,10,1.4765651171875,True,REGULAR,USD,2025-10-17
LCID251024P00012000,2025-09-09 13:52:38+00:00,12.0,0.13,0.0,0.24,0.0,0.0,1.0,22,0.9003916210937499,False,REGULAR,USD,2025-10-24
LCID251024P00013000,2025-09-12 13:46:35+00:00,13.0,0.22,0.0,0.33,-0.010000005,-4.3478284,1.0,9,0.8320329296874999,False,REGULAR,USD,2025-10-24
LCID251024P00013500,2025-09-12 13:46:35+00:00,13.5,0.28,0.18,0.36,0.07000001,33.333336,1.0,9,0.8789074609374999,False,REGULAR,USD,2025-10-24
LCID251024P00015000,2025-09-12 14:23:18+00:00,15.0,0.6,0.45,0.54,0.07000005,13.207558,75.0,3,0.8359391406249999,False,REGULAR,USD,2025-10-24
LCID251024P00015500,2025-09-09 14:12:09+00:00,15.5,2.83,0.51,0.8,0.0,0.0,2.0,7,0.8564467480468749,False,REGULAR,USD,2025-10-24
LCID251024P00016000,2025-09-12 14:19:00+00:00,16.0,0.85,0.69,0.75,0.19,28.787878,10.0,19,0.81445498046875,False,REGULAR,USD,2025-10-24
LCID251024P00016500,2025-09-08 13:48:45+00:00,16.5,1.5,0.8,1.11,0.0,0.0,1.0,3,0.851563984375,False,REGULAR,USD,2025-10-24
LCID251024P00017000,2025-09-12 17:04:30+00:00,17.0,1.18,1.02,1.13,0.22999996,24.210524,2.0,42,0.823243955078125,False,REGULAR,USD,2025-10-24
LCID251024P00018000,2025-09-10 19:05:55+00:00,18.0,1.57,1.41,1.63,0.0,0.0,30.0,31,0.8339860351562498,False,REGULAR,USD,2025-10-24
LCID251024P00018500,2025-09-05 19:39:24+00:00,18.5,2.4,1.7,1.99,0.0,0.0,1.0,1,0.868165380859375,False,REGULAR,USD,2025-10-24
LCID251121P00000500,2025-08-28 15:46:49+00:00,0.5,0.08,0.0,0.08,0.0,0.0,1.0,1,4.2812546484375,False,REGULAR,USD,2025-11-21
LCID251121P00001000,2025-08-20 17:08:55+00:00,1.0,0.04,0.03,0.07,0.0,0.0,12.0,17648,3.43750140625,False,REGULAR,USD,2025-11-21
LCID251121P00001500,2025-08-29 19:58:23+00:00,1.5,0.11,0.1,0.11,0.02,22.2222,547.0,45534,3.3437516406249994,False,REGULAR,USD,2025-11-21
LCID251121P00002000,2025-08-29 19:59:31+00:00,2.0,0.33,0.32,0.34,0.07,26.9231,1755.0,134688,3.82031294921875,False,REGULAR,USD,2025-11-21
LCID251121P00002500,2025-08-29 19:46:02+00:00,2.5,0.69,0.66,0.71,0.06,9.52381,50.0,12119,4.273442158203125,False,REGULAR,USD,2025-11-21
LCID251121P00003000,2025-08-29 19:09:38+00:00,3.0,1.14,1.09,1.14,0.0599999,5.55555,4.0,18177,4.660160424804687,False,REGULAR,USD,2025-11-21
LCID251121P00003500,2025-08-25 14:33:35+00:00,3.5,1.5,1.54,1.7,0.0,0.0,100.0,2460,5.041019323730468,False,REGULAR,USD,2025-11-21
LCID251121P00004000,2025-08-29 14:28:38+00:00,4.0,2.02,2.02,2.09,0.05,2.53807,65.0,445,5.218753476562499,False,REGULAR,USD,2025-11-21
LCID251121P00004500,2025-08-06 18:09:04+00:00,4.5,2.3,2.51,2.57,0.0,0.0,6.0,59,5.429690712890624,False,REGULAR,USD,2025-11-21
LCID251121P00005000,2025-09-12 14:20:26+00:00,5.0,0.07,0.0,0.12,0.030000001,75.00001,3.0,2,1.5703146484375,False,REGULAR,USD,2025-11-21
LCID251121P00005500,2025-08-25 16:52:53+00:00,5.5,3.46,3.5,3.65,0.0,0.0,1.0,1,5.839846450195314,False,REGULAR,USD,2025-11-21
LCID251121P00006000,2025-07-25 14:18:09+00:00,6.0,3.2,3.95,4.05,0.0,0.0,25.0,32,5.878908901367188,False,REGULAR,USD,2025-11-21
LCID251121P00008000,2025-08-28 15:45:19+00:00,8.0,5.9,6.0,6.7,0.0,0.0,,1,6.79687650390625,False,REGULAR,USD,2025-11-21
LCID251121P00010000,2025-09-11 19:14:14+00:00,10.0,0.21,0.17,0.26,0.0,0.0,5.0,1261,1.0488328808593752,False,REGULAR,USD,2025-11-21
LCID251121P00011000,2025-09-05 14:00:26+00:00,11.0,0.77,0.24,0.33,0.0,0.0,10.0,11,0.9882813671875,False,REGULAR,USD,2025-11-21
LCID251121P00012000,2025-09-09 17:03:41+00:00,12.0,0.42,0.37,0.44,-0.050000012,-10.6383,1.0,467,0.9570316796874999,False,REGULAR,USD,2025-11-21
LCID251121P00013000,2025-09-12 15:29:25+00:00,13.0,0.66,0.51,0.6,0.060000002,10.0,101.0,37,0.9248054394531251,False,REGULAR,USD,2025-11-21
LCID251121P00014000,2025-09-12 19:37:35+00:00,14.0,0.77,0.71,0.81,-0.030000031,-3.7500038,3.0,365,0.903321279296875,False,REGULAR,USD,2025-11-21
LCID251121P00015000,2025-09-12 17:02:03+00:00,15.0,1.13,1.0,1.04,0.120000005,11.881189,102.0,11383,0.885743330078125,False,REGULAR,USD,2025-11-21
LCID251121P00016000,2025-09-12 15:41:18+00:00,16.0,1.43,1.28,1.39,0.13,10.0,49.0,194,0.870118486328125,False,REGULAR,USD,2025-11-21
LCID251121P00017000,2025-09-12 18:03:27+00:00,17.0,1.77,1.69,1.8,0.120000005,7.272728,945.0,3366,0.86914193359375,False,REGULAR,USD,2025-11-21
LCID251121P00018000,2025-09-12 18:30:43+00:00,18.0,2.27,2.21,2.29,0.119999886,5.58139,93.0,5528,0.8789074609374999,False,REGULAR,USD,2025-11-21
LCID251121P00019000,2025-09-11 19:57:02+00:00,19.0,2.8,2.74,2.85,0.13999987,5.2631526,5.0,588,0.8818371191406249,False,REGULAR,USD,2025-11-21
LCID251121P00020000,2025-09-12 17:35:18+00:00,20.0,3.55,3.35,3.5,0.26,7.9027357,68.0,774,0.8945323046874999,True,REGULAR,USD,2025-11-21
LCID251121P00021000,2025-09-10 14:48:41+00:00,21.0,4.2,4.05,4.2,0.0,0.0,1.0,164,0.913086806640625,True,REGULAR,USD,2025-11-21
LCID251121P00022000,2025-09-12 18:46:26+00:00,22.0,4.8,4.8,4.95,0.05000019,1.0526357,28.0,156,0.9335944140625,True,REGULAR,USD,2025-11-21
LCID251121P00029000,2025-09-05 13:42:24+00:00,29.0,13.15,10.2,11.2,0.0,0.0,1.0,19,1.0039112304687499,True,REGULAR,USD,2025-11-21
LCID251121P00030000,2025-09-05 14:11:55+00:00,30.0,14.25,11.35,11.95,0.0,0.0,24.0,112,1.0312548437500002,True,REGULAR,USD,2025-11-21
LCID251219P00000500,2025-08-28 15:56:49+00:00,0.5,0.01,0.0,0.02,0.0,0.0,1.0,589,2.93750265625,False,REGULAR,USD,2025-12-19
LCID251219P00001000,2025-08-29 19:57:03+00:00,1.0,0.04,0.0,0.04,0.02,100.0,10.0,31130,2.5312536718749996,False,REGULAR,USD,2025-12-19
LCID251219P00001500,2025-08-29 19:47:27+00:00,1.5,0.14,0.12,0.14,0.02,16.6667,80.0,98706,2.9531276171874996,False,REGULAR,USD,2025-12-19
LCID251219P00002000,2025-08-29 19:36:40+00:00,2.0,0.37,0.34,0.38,0.05,15.625,835.0,16201,3.3125017187499997,False,REGULAR,USD,2025-12-19
LCID251219P00002500,2025-08-29 17:07:59+00:00,2.5,0.72,0.7,0.75,0.03,4.34783,80.0,3649,3.691407021484375,False,REGULAR,USD,2025-12-19
LCID251219P00003000,2025-08-29 17:17:52+00:00,3.0,1.15,1.12,1.17,0.1,9.52381,338.0,4147,3.9863281591796875,False,REGULAR,USD,2025-12-19
LCID251219P00003500,2025-08-29 15:46:05+00:00,3.5,1.59,1.58,1.63,0.0,0.0,5.0,1894,4.238285952148438,False,REGULAR,USD,2025-12-19
LCID251219P00004000,2025-08-27 18:27:45+00:00,4.0,2.01,2.06,2.1,0.0,0.0,10.0,23103,4.445316943359375,False,REGULAR,USD,2025-12-19
LCID251219P00004500,2025-08-14 18:34:21+00:00,4.5,2.29,2.53,2.59,0.0,0.0,2.0,56,4.615238605957031,False,REGULAR,USD,2025-12-19
LCID251219P00005000,2025-09-12 17:41:18+00:00,5.0,0.05,0.0,0.1,0.0,0.0,2.0,316,1.2890660546875,False,REGULAR,USD,2025-12-19
LCID251219P00005500,2025-08-29 15:12:04+00:00,5.5,3.55,3.5,3.6,0.05,1.42857,2.0,67,4.906253867187499,False,REGULAR,USD,2025-12-19
LCID251219P00007000,2025-08-29 15:25:50+00:00,7.0,5.03,5.0,5.05,0.0800004,1.61617,21.0,3385,5.20312849609375,False,REGULAR,USD,2025-12-19
LCID251219P00010000,2025-09-10 18:25:04+00:00,10.0,0.32,0.28,0.42,-0.04000002,-11.111116,10.0,52,1.0058643457031249,False,REGULAR,USD,2025-12-19
LCID251219P00011000,2025-09-09 15:59:12+00:00,11.0,0.54,0.39,0.54,0.0,0.0,22.0,65,0.96289099609375,False,REGULAR,USD,2025-12-19
LCID251219P00012000,2025-09-12 15:29:24+00:00,12.0,0.68,0.55,0.7,0.04000002,6.250004,2.0,25,0.9335944140625,False,REGULAR,USD,2025-12-19
LCID251219P00013000,2025-09-09 18:33:07+00:00,13.0,0.84,0.7,0.92,0.0,0.0,2.0,49,0.901368173828125,False,REGULAR,USD,2025-12-19
LCID251219P00014000,2025-09-10 18:13:46+00:00,14.0,1.1,0.97,1.07,0.0,0.0,1.0,852,0.867188828125,False,REGULAR,USD,2025-12-19
LCID251219P00015000,2025-09-12 19:26:23+00:00,15.0,1.32,1.3,1.39,0.0,0.0,155.0,268,0.8618177880859376,False,REGULAR,USD,2025-12-19
LCID251219P00016000,2025-09-10 18:51:37+00:00,16.0,1.87,1.67,1.78,0.0,0.0,4.0,50,0.8569350244140624,False,REGULAR,USD,2025-12-19
LCID251219P00017000,2025-09-11 19:34:22+00:00,17.0,2.26,2.11,2.23,0.1400001,6.603779,1.0,78,0.8559584716796875,False,REGULAR,USD,2025-12-19
LCID251219P00018000,2025-09-12 19:37:36+00:00,18.0,2.73,2.62,2.73,0.3399999,14.225938,207.0,2643,0.8569350244140624,False,REGULAR,USD,2025-12-19
LCID251219P00019000,2025-09-12 18:48:17+00:00,19.0,3.25,3.15,3.35,0.26,8.695652,1.0,65,0.8632826171875,False,REGULAR,USD,2025-12-19
LCID251219P00020000,2025-09-12 14:29:54+00:00,20.0,4.05,3.8,3.95,0.3000002,8.000005,3.0,397,0.8696302099609375,True,REGULAR,USD,2025-12-19
LCID251219P00021000,2025-09-04 18:57:47+00:00,21.0,7.39,4.45,4.65,0.0,0.0,,16,0.8784191845703124,True,REGULAR,USD,2025-12-19
LCID251219P00022000,2025-09-04 18:57:37+00:00,22.0,8.25,5.15,5.4,0.0,0.0,,8,0.8896495410156249,True,REGULAR,USD,2025-12-19
LCID251219P00023000,2025-09-12 16:45:04+00:00,23.0,6.3,5.95,6.15,0.6000004,10.526322,87.0,36,0.905274384765625,True,REGULAR,USD,2025-12-19
LCID251219P00024000,2025-09-08 19:11:56+00:00,24.0,7.7,5.75,7.15,0.0,0.0,1.0,20,0.815431533203125,True,REGULAR,USD,2025-12-19
LCID251219P00025000,2025-09-11 15:02:05+00:00,25.0,7.25,6.7,8.0,0.0,0.0,10.0,2,0.8476577734374999,True,REGULAR,USD,2025-12-19
LCID251219P00026000,2025-09-04 18:58:19+00:00,26.0,11.75,8.25,8.75,0.0,0.0,,10,0.9418951123046875,True,REGULAR,USD,2025-12-19
LCID251219P00035000,2025-09-05 18:17:47+00:00,35.0,17.9,15.9,17.1,0.0,0.0,1.0,1,0.9853517089843751,True,REGULAR,USD,2025-12-19
LCID260116P00000500,2025-08-29 14:52:02+00:00,0.5,0.02,0.0,0.2,0.0,0.0,1.0,3625,3.8593753515625,False,REGULAR,USD,2026-01-16
LCID260116P00001000,2025-08-29 15:35:01+00:00,1.0,0.05,0.0,0.05,0.0,0.0,58.0,13545,2.3125042187499996,False,REGULAR,USD,2026-01-16
LCID260116P00001500,2025-08-29 19:58:22+00:00,1.5,0.16,0.16,0.18,0.00999999,6.66666,1042.0,65327,2.7656280859375,False,REGULAR,USD,2026-01-16
LCID260116P00002000,2025-08-29 19:42:19+00:00,2.0,0.41,0.41,0.44,0.05,13.8889,1115.0,239413,3.07031482421875,False,REGULAR,USD,2026-01-16
LCID260116P00002500,2025-08-29 17:55:00+00:00,2.5,0.76,0.73,0.8,0.05,7.04226,25.0,87424,3.3242204394531245,False,REGULAR,USD,2026-01-16
LCID260116P00003000,2025-08-29 14:54:23+00:00,3.0,1.18,1.15,1.19,0.0699999,6.3063,9.0,36799,3.550782373046875,False,REGULAR,USD,2026-01-16
LCID260116P00003500,2025-08-29 14:32:33+00:00,3.5,1.61,1.6,1.64,0.1,6.62252,1.0,1721,3.7578131054687502,False,REGULAR,USD,2026-01-16
LCID260116P00004000,2025-08-26 17:21:03+00:00,4.0,1.99,2.07,2.12,0.0,0.0,4.0,45545,3.93750015625,False,REGULAR,USD,2026-01-16
LCID260116P00004500,2025-08-26 17:21:03+00:00,4.5,2.48,2.49,2.6,0.0,0.0,6.0,335,4.052739309082031,False,REGULAR,USD,2026-01-16
LCID260116P00005000,2025-09-12 13:30:00+00:00,5.0,0.07,0.02,0.19,0.060000002,600.00006,2.0,27,1.2890660546875,False,REGULAR,USD,2026-01-16
LCID260116P00005500,2025-08-26 14:48:40+00:00,5.5,3.43,3.5,3.6,0.0,0.0,4.0,34,4.326176467285156,False,REGULAR,USD,2026-01-16
LCID260116P00007000,2025-08-07 14:09:23+00:00,7.0,4.85,5.0,5.1,0.0,0.0,20.0,6601,4.613285483398437,False,REGULAR,USD,2026-01-16
LCID260116P00008000,2025-08-06 15:31:55+00:00,8.0,5.8,5.95,6.15,0.0,0.0,5.0,5,4.759769675292968,False,REGULAR,USD,2026-01-16
LCID260116P00010000,2025-09-08 14:40:17+00:00,10.0,0.52,0.45,0.59,-0.100000024,-16.129036,10.0,76,0.9960937890625,False,REGULAR,USD,2026-01-16
LCID260116P00011000,2025-09-12 15:40:04+00:00,11.0,0.69,0.56,0.75,-0.030000031,-4.166671,2.0,52,0.9501958105468749,False,REGULAR,USD,2026-01-16
LCID260116P00012000,2025-09-12 14:23:34+00:00,12.0,0.89,0.74,0.95,-0.61,-40.666668,60.0,2500,0.920899228515625,False,REGULAR,USD,2026-01-16
LCID260116P00013000,2025-09-11 16:21:02+00:00,13.0,1.0,0.99,1.19,0.0,0.0,5.0,73,0.901368173828125,False,REGULAR,USD,2026-01-16
LCID260116P00014000,2025-09-11 15:52:58+00:00,14.0,1.26,1.28,1.39,0.0,0.0,55.0,231,0.870118486328125,False,REGULAR,USD,2026-01-16
LCID260116P00015000,2025-09-11 15:52:59+00:00,15.0,1.82,1.67,1.73,0.24000001,15.189875,12.0,3229,0.8652357226562499,False,REGULAR,USD,2026-01-16
LCID260116P00016000,2025-09-12 16:15:07+00:00,16.0,2.27,2.06,2.16,0.24000001,11.822661,45.0,186,0.8598646826171875,False,REGULAR,USD,2026-01-16
LCID260116P00017000,2025-09-11 15:51:27+00:00,17.0,2.4,2.52,2.65,0.0,0.0,3.0,78,0.8588881298828125,False,REGULAR,USD,2026-01-16
LCID260116P00018000,2025-09-12 14:25:10+00:00,18.0,3.25,3.0,3.2,-0.27999997,-7.93201,1.0,6026,0.8569350244140624,False,REGULAR,USD,2026-01-16
LCID260116P00019000,2025-09-09 18:35:31+00:00,19.0,3.65,3.6,3.8,0.0,0.0,34.0,44,0.8642591699218749,False,REGULAR,USD,2026-01-16
LCID260116P00020000,2025-09-12 15:49:12+00:00,20.0,4.49,4.25,4.4,-0.010000229,-0.2222273,1.0,429,0.868165380859375,True,REGULAR,USD,2026-01-16
LCID260116P00021000,2025-09-12 13:55:43+00:00,21.0,5.0,4.9,5.1,0.2800002,5.932208,1.0,107,0.8745129736328124,True,REGULAR,USD,2026-01-16
LCID260116P00023000,2025-09-12 18:45:36+00:00,23.0,6.4,6.35,6.55,-0.5,-7.2463765,70.0,27,0.8872081591796874,True,REGULAR,USD,2026-01-16
LCID260116P00025000,2025-09-12 19:15:42+00:00,25.0,7.95,7.8,8.1,0.25,3.2467532,86.0,4026,0.8867198828124999,True,REGULAR,USD,2026-01-16
LCID260116P00026000,2025-09-08 16:17:01+00:00,26.0,9.75,8.6,9.15,0.0,0.0,1.0,20,0.9184578466796876,True,REGULAR,USD,2026-01-16
LCID260116P00027000,2025-09-04 18:58:53+00:00,27.0,12.84,9.0,10.0,0.0,0.0,,2,0.8754895263671875,True,REGULAR,USD,2026-01-16
LCID260116P00028000,2025-09-08 16:17:43+00:00,28.0,11.55,10.0,10.9,0.0,0.0,1.0,60,0.9057626611328125,True,REGULAR,USD,2026-01-16
LCID260116P00029000,2025-09-09 14:43:37+00:00,29.0,12.0,11.15,11.75,0.0,0.0,1.0,3,0.9448247705078124,True,REGULAR,USD,2026-01-16
LCID260116P00030000,2025-09-05 19:06:54+00:00,30.0,13.12,12.05,12.65,0.0,0.0,3.0,21,0.9570316796874999,True,REGULAR,USD,2026-01-16
LCID260116P00038000,2025-09-04 13:43:50+00:00,38.0,23.0,19.25,20.1,0.0,0.0,,1,1.0004932788085936,True,REGULAR,USD,2026-01-16
LCID260220P00000500,2025-08-06 15:15:43+00:00,0.5,0.04,0.0,0.09,0.0,0.0,,2,2.8750028125,False,REGULAR,USD,2026-02-20
LCID260220P00001000,2025-08-29 19:04:57+00:00,1.0,0.06,0.06,0.08,0.02,50.0,70.0,59,2.4140664648437498,False,REGULAR,USD,2026-02-20
LCID260220P00001500,2025-08-28 19:16:10+00:00,1.5,0.18,0.17,0.22,0.0,0.0,1104.0,1349,2.5234411914062496,False,REGULAR,USD,2026-02-20
LCID260220P00002000,2025-08-29 19:54:46+00:00,2.0,0.47,0.42,0.47,0.05,11.9048,14.0,28519,2.7539093652343754,False,REGULAR,USD,2026-02-20
LCID260220P00002500,2025-08-29 19:58:47+00:00,2.5,0.81,0.78,0.81,0.06,8.0,2.0,800,2.9843775390625,False,REGULAR,USD,2026-02-20
LCID260220P00003000,2025-08-27 14:25:36+00:00,3.0,1.11,1.16,1.21,0.0,0.0,102.0,1029,3.1601583496093753,False,REGULAR,USD,2026-02-20
LCID260220P00003500,2025-07-28 17:15:21+00:00,3.5,1.11,0.0,0.0,0.0,0.0,51.0,67,0.500005,False,REGULAR,USD,2026-02-20
LCID260220P00004000,2025-08-18 13:34:58+00:00,4.0,1.88,2.08,2.13,0.0,0.0,15.0,304,3.4941418896484375,False,REGULAR,USD,2026-02-20
LCID260220P00004500,2025-07-21 16:03:12+00:00,4.5,1.98,2.47,2.62,0.0,0.0,1.0,12,3.58593853515625,False,REGULAR,USD,2026-02-20
LCID260220P00005000,2025-09-09 14:32:56+00:00,5.0,0.15,0.0,0.59,0.0,0.0,3.0,10,1.421877890625,False,REGULAR,USD,2026-02-20
LCID260220P00008000,2025-07-30 17:19:32+00:00,8.0,5.51,5.95,6.8,0.0,0.0,,1,4.505863742675781,False,REGULAR,USD,2026-02-20
LCID260220P00010000,2025-09-09 18:37:59+00:00,10.0,0.66,0.57,0.81,0.0,0.0,13.0,26,0.9672854833984376,False,REGULAR,USD,2026-02-20
LCID260220P00011000,2025-09-12 14:24:38+00:00,11.0,0.97,0.81,1.01,0.25,34.72222,161.0,3,0.9487309814453124,False,REGULAR,USD,2026-02-20
LCID260220P00012000,2025-09-12 14:23:24+00:00,12.0,1.25,1.03,1.24,-0.120000005,-8.759125,500.0,2002,0.91992267578125,False,REGULAR,USD,2026-02-20
LCID260220P00013000,2025-09-08 17:47:55+00:00,13.0,1.55,1.17,1.54,0.0,0.0,1.0,3,0.8818371191406249,False,REGULAR,USD,2026-02-20
LCID260220P00014000,2025-09-11 15:38:09+00:00,14.0,1.61,1.49,1.89,0.0,0.0,3.0,46,0.8706067626953125,False,REGULAR,USD,2026-02-20
LCID260220P00015000,2025-09-09 16:43:33+00:00,15.0,2.18,1.98,2.32,0.0,0.0,5.0,68,0.8808605664062499,False,REGULAR,USD,2026-02-20
LCID260220P00016000,2025-09-12 16:47:24+00:00,16.0,2.71,2.33,2.66,0.48000002,21.524664,15.0,7,0.8518081225585938,False,REGULAR,USD,2026-02-20
LCID260220P00017000,2025-09-11 14:13:45+00:00,17.0,2.9,2.85,3.25,0.0,0.0,2.0,21,0.8632826171875,False,REGULAR,USD,2026-02-20
LCID260220P00018000,2025-09-11 14:28:50+00:00,18.0,3.5,3.3,3.8,0.0,0.0,5.0,427,0.8535170898437501,False,REGULAR,USD,2026-02-20
LCID260220P00020000,2025-09-12 18:30:46+00:00,20.0,4.68,4.6,4.9,0.089999676,1.9607772,2.0,39,0.8530288134765626,True,REGULAR,USD,2026-02-20
LCID260220P00023000,2025-09-04 18:59:37+00:00,23.0,9.66,6.65,7.05,0.0,0.0,,9,0.8632826171875,True,REGULAR,USD,2026-02-20
LCID260220P00024000,2025-09-04 18:51:07+00:00,24.0,10.55,7.4,8.0,0.0,0.0,,8,0.885743330078125,True,REGULAR,USD,2026-02-20
LCID260220P00030000,2025-09-08 16:33:49+00:00,30.0,13.7,12.4,13.05,0.0,0.0,1.0,4,0.9282233740234375,True,REGULAR,USD,2026-02-20
LCID260220P00038000,2025-09-04 13:30:02+00:00,38.0,22.7,19.7,20.4,0.0,0.0,,141,0.9848634326171876,True,REGULAR,USD,2026-02-20
LCID260821P00000500,2025-07-17 15:38:39+00:00,0.5,0.05,0.0,0.2,0.0,0.0,2.0,1439,2.3437541406249993,False,REGULAR,USD,2026-08-21
LCID260821P00001000,2025-08-29 19:53:08+00:00,1.0,0.17,0.15,0.17,0.04,30.7692,53.0,6795,1.9765626171875001,False,REGULAR,USD,2026-08-21
LCID260821P00001500,2025-08-29 19:26:23+00:00,1.5,0.33,0.33,0.37,0.01,3.12501,9.0,10780,2.0332080419921876,False,REGULAR,USD,2026-08-21
LCID260821P00002000,2025-08-29 18:23:32+00:00,2.0,0.62,0.59,0.64,0.05,8.77193,53.0,12552,2.113285966796875,False,REGULAR,USD,2026-08-21
LCID260821P00002500,2025-08-26 18:48:01+00:00,2.5,0.89,0.93,0.98,0.0,0.0,2452.0,10289,2.2109419726562494,False,REGULAR,USD,2026-08-21
LCID260821P00003000,2025-08-28 19:03:00+00:00,3.0,1.29,1.32,1.37,0.0,0.0,40.0,19052,2.306644858398437,False,REGULAR,USD,2026-08-21
LCID260821P00003500,2025-08-19 15:04:15+00:00,3.5,1.65,1.73,1.78,0.0,0.0,5.0,840,2.3847696630859367,False,REGULAR,USD,2026-08-21
LCID260821P00004000,2025-08-28 13:45:17+00:00,4.0,2.15,2.01,2.23,0.0,0.0,5.0,320,2.405277424316406,False,REGULAR,USD,2026-08-21
LCID260821P00004500,2025-07-21 13:30:02+00:00,4.5,2.04,2.11,2.75,0.0,0.0,2.0,1086,2.3798868627929686,False,REGULAR,USD,2026-08-21
LCID260821P00005000,2025-09-12 16:18:07+00:00,5.0,0.47,0.3,0.57,-0.049999982,-9.615382,1.0,3,1.0791061669921875,False,REGULAR,USD,2026-08-21
LCID260821P00005500,2025-06-24 16:55:52+00:00,5.5,3.45,3.5,3.6,0.0,0.0,14.0,101,2.6220737573242188,False,REGULAR,USD,2026-08-21
LCID260821P00007000,2025-08-05 13:52:17+00:00,7.0,4.67,5.0,5.1,0.0,0.0,10.0,1581,2.7968780078125004,False,REGULAR,USD,2026-08-21
LCID260821P00010000,2025-09-09 16:30:09+00:00,10.0,1.69,0.5,2.2,0.0,0.0,2.0,26,0.85937640625,False,REGULAR,USD,2026-08-21
LCID260821P00013000,2025-09-11 17:57:06+00:00,13.0,2.65,1.42,2.94,0.0,0.0,5.0,509,0.7744163183593751,False,REGULAR,USD,2026-08-21
LCID260821P00015000,2025-09-09 16:35:10+00:00,15.0,3.8,2.32,3.75,0.00999999,0.263852,10.0,331,0.7563500927734376,False,REGULAR,USD,2026-08-21
LCID260821P00017000,2025-09-11 16:43:56+00:00,17.0,4.6,4.45,4.85,0.0,0.0,1.0,52,0.8386246606445311,False,REGULAR,USD,2026-08-21
LCID260821P00020000,2025-09-12 19:49:36+00:00,20.0,6.5,6.45,6.7,0.19999981,3.1746001,1.0,2,0.8400894897460938,True,REGULAR,USD,2026-08-21
LCID260821P00022000,2025-09-04 16:06:10+00:00,22.0,10.3,7.55,8.3,0.0,0.0,,50,0.8344743115234373,True,REGULAR,USD,2026-08-21
LCID260821P00027000,2025-09-04 17:26:48+00:00,27.0,14.55,11.4,12.15,0.0,0.0,,8,0.8430191479492187,True,REGULAR,USD,2026-08-21
LCID261218P00000500,2025-08-26 14:00:52+00:00,0.5,0.08,0.01,0.1,0.0,0.0,2.0,801,1.765626171875,False,REGULAR,USD,2026-12-18
LCID261218P00001000,2025-08-28 16:03:22+00:00,1.0,0.21,0.19,0.24,0.0,0.0,1.0,55948,1.8437507812499998,False,REGULAR,USD,2026-12-18
LCID261218P00001500,2025-08-29 17:09:50+00:00,1.5,0.43,0.39,0.45,0.01,2.38096,1008.0,10942,1.859375703125,False,REGULAR,USD,2026-12-18
LCID261218P00002000,2025-08-29 14:26:01+00:00,2.0,0.7,0.67,0.72,0.03,4.47761,5.0,20374,1.9101566992187502,False,REGULAR,USD,2026-12-18
LCID261218P00002500,2025-08-29 19:13:21+00:00,2.5,1.05,1.0,1.36,0.04,3.96039,2.0,5089,2.1113328466796872,False,REGULAR,USD,2026-12-18
LCID261218P00003000,2025-08-27 13:52:39+00:00,3.0,1.34,1.1,1.69,0.0,0.0,2.0,4007,2.0273486816406248,False,REGULAR,USD,2026-12-18
LCID261218P00003500,2025-08-28 14:02:43+00:00,3.5,1.79,1.46,1.87,0.0,0.0,10.0,346,1.9921875390625,False,REGULAR,USD,2026-12-18
LCID261218P00004000,2025-08-15 19:06:24+00:00,4.0,2.06,1.96,2.3,0.0,0.0,22.0,414,2.0791063647460932,False,REGULAR,USD,2026-12-18
LCID261218P00004500,2025-08-22 14:29:41+00:00,4.5,2.61,2.05,2.75,0.0,0.0,2.0,227,2.0332080419921876,False,REGULAR,USD,2026-12-18
LCID261218P00005000,2025-09-09 13:43:39+00:00,5.0,0.75,0.6,1.09,0.0,0.0,4.0,1005,1.1464886425781249,False,REGULAR,USD,2026-12-18
LCID261218P00005500,2025-05-27 18:05:33+00:00,5.5,3.13,2.93,0.0,0.0,0.0,40.0,0,1.3291049169921871,False,REGULAR,USD,2026-12-18
LCID261218P00007000,2025-08-28 13:33:18+00:00,7.0,4.98,5.05,5.15,0.0,0.0,4.0,277,2.4355507861328123,False,REGULAR,USD,2026-12-18
LCID261218P00010000,2025-09-11 17:43:01+00:00,10.0,2.28,1.33,2.52,0.07999992,3.6363602,10.0,32,0.8735364208984374,False,REGULAR,USD,2026-12-18
LCID261218P00013000,2025-09-11 17:49:34+00:00,13.0,3.45,2.27,3.7,0.0,0.0,5.0,71,0.805666005859375,False,REGULAR,USD,2026-12-18
LCID261218P00015000,2025-09-04 17:14:32+00:00,15.0,5.95,2.8,4.6,0.0,0.0,,11,0.7509790527343749,False,REGULAR,USD,2026-12-18
LCID261218P00017000,2025-09-09 16:31:08+00:00,17.0,6.1,5.25,5.8,0.0,0.0,1.0,6,0.8425308715820312,False,REGULAR,USD,2026-12-18
LCID261218P00020000,2025-09-05 17:42:57+00:00,20.0,8.0,7.1,7.65,0.0,0.0,19.0,55,0.8237322314453124,True,REGULAR,USD,2026-12-18
LCID261218P00022000,2025-09-04 17:27:14+00:00,22.0,11.0,8.15,9.15,0.0,0.0,,2,0.8061542822265625,True,REGULAR,USD,2026-12-18
LCID261218P00025000,2025-09-04 17:14:00+00:00,25.0,13.4,10.6,11.45,0.0,0.0,,1,0.8212908496093749,True,REGULAR,USD,2026-12-18
LCID261218P00027000,2025-09-04 17:15:50+00:00,27.0,15.1,12.05,12.75,0.0,0.0,,2,0.79883013671875,True,REGULAR,USD,2026-12-18
LCID261218P00030000,2025-09-04 17:16:27+00:00,30.0,17.65,14.4,15.2,0.0,0.0,,11,0.7949239257812499,True,REGULAR,USD,2026-12-18
LCID270115P00000500,2025-08-06 13:40:30+00:00,0.5,0.07,0.0,0.15,0.0,0.0,1.0,550,1.8281258593749998,False,REGULAR,USD,2027-01-15
LCID270115P00001000,2025-08-29 16:12:53+00:00,1.0,0.24,0.22,0.26,0.00999999,4.34782,30.0,8199,1.8437507812499998,False,REGULAR,USD,2027-01-15
LCID270115P00001500,2025-08-29 18:15:38+00:00,1.5,0.47,0.41,0.5,0.02,4.44445,38.0,106567,1.85546947265625,False,REGULAR,USD,2027-01-15
LCID270115P00002000,2025-08-29 19:00:26+00:00,2.0,0.76,0.66,0.77,0.05,7.04226,197.0,29522,1.875000625,False,REGULAR,USD,2027-01-15
LCID270115P00002500,2025-08-29 19:45:14+00:00,2.5,1.1,1.03,1.1,0.0600001,5.76924,108.0,8570,1.9472658886718752,False,REGULAR,USD,2027-01-15
LCID270115P00003000,2025-08-25 13:34:11+00:00,3.0,1.41,1.0,1.68,0.0,0.0,1.0,27804,1.9267581787109376,False,REGULAR,USD,2027-01-15
LCID270115P00003500,2025-08-22 19:26:31+00:00,3.5,1.79,1.54,2.18,0.0,0.0,2.0,96,2.0664110839843746,False,REGULAR,USD,2027-01-15
LCID270115P00004000,2025-08-20 17:42:09+00:00,4.0,2.15,2.24,2.36,0.0,0.0,1.0,274,2.1250046874999997,False,REGULAR,USD,2027-01-15
LCID270115P00004500,2025-08-28 17:36:53+00:00,4.5,2.67,1.55,2.78,0.0,0.0,3.0,106,1.8496101269531249,False,REGULAR,USD,2027-01-15
LCID270115P00005000,2025-09-05 18:46:47+00:00,5.0,0.98,0.66,1.35,0.0,0.0,14.0,14,1.1865275048828123,False,REGULAR,USD,2027-01-15
LCID270115P00005500,2025-08-29 17:32:18+00:00,5.5,3.64,2.44,3.7,0.0600002,1.67598,10.0,712,1.9560549072265625,False,REGULAR,USD,2027-01-15
LCID270115P00007000,2025-08-29 13:40:41+00:00,7.0,5.05,5.05,5.2,0.04,0.798402,3.0,606,2.377933742675781,False,REGULAR,USD,2027-01-15
LCID270115P00010000,2025-09-12 19:26:38+00:00,10.0,2.41,2.22,2.58,-0.12999988,-5.1181054,2.0,11,0.9516606396484374,False,REGULAR,USD,2027-01-15
LCID270115P00013000,2025-09-11 19:50:40+00:00,13.0,3.65,2.31,3.8,0.06000018,1.6713142,1.0,16,0.7939473730468749,False,REGULAR,USD,2027-01-15
LCID270115P00015000,2025-09-10 15:22:01+00:00,15.0,4.5,2.87,4.9,0.0,0.0,4.0,2502,0.7561059545898439,False,REGULAR,USD,2027-01-15
LCID270115P00017000,2025-09-09 13:40:59+00:00,17.0,5.7,5.3,5.95,0.0,0.0,5.0,22,0.8315446533203124,False,REGULAR,USD,2027-01-15
LCID270115P00020000,2025-09-12 15:40:52+00:00,20.0,7.51,7.2,8.4,-0.30999994,-3.9641936,2.0,29,0.852540537109375,True,REGULAR,USD,2027-01-15
LCID270115P00022000,2025-09-08 16:07:50+00:00,22.0,9.42,8.35,9.4,0.0,0.0,2.0,27,0.8093280786132812,True,REGULAR,USD,2027-01-15
LCID270115P00025000,2025-09-09 19:34:00+00:00,25.0,11.0,10.55,11.4,0.0,0.0,1.0,15,0.7917501293945313,True,REGULAR,USD,2027-01-15
LCID270115P00027000,2025-09-04 17:12:45+00:00,27.0,15.15,12.1,12.95,0.0,0.0,,5,0.7897970239257812,True,REGULAR,USD,2027-01-15
LCID270115P00030000,2025-09-11 15:48:28+00:00,30.0,14.7,14.5,15.3,0.0,0.0,1.0,2,0.7832052929687501,True,REGULAR,USD,2027-01-15
LCID270115P00032000,2025-09-04 17:12:39+00:00,32.0,19.45,16.15,16.95,0.0,0.0,,1,0.7807639111328125,True,REGULAR,USD,2027-01-15
LCID270115P00035000,2025-09-04 17:13:02+00:00,35.0,22.1,18.7,20.0,0.0,0.0,,5,0.8073749731445312,True,REGULAR,USD,2027-01-15
LCID270115P00037000,2025-09-04 17:13:11+00:00,37.0,23.95,20.25,21.85,0.0,0.0,,13,0.8022480712890624,True,REGULAR,USD,2027-01-15
LCID271217P00000500,2025-08-26 18:40:50+00:00,0.5,0.12,0.13,0.29,0.0,0.0,1.0,983,1.8828130859374999,False,REGULAR,USD,2027-12-17
LCID271217P00001000,2025-08-29 13:39:14+00:00,1.0,0.35,0.33,0.35,0.04,12.9032,2.0,2619,1.5898458007812497,False,REGULAR,USD,2027-12-17
LCID271217P00001500,2025-08-29 18:30:01+00:00,1.5,0.59,0.56,0.62,0.02,3.50877,106.0,14199,1.5800802246093748,False,REGULAR,USD,2027-12-17
LCID271217P00002000,2025-08-29 18:30:34+00:00,2.0,0.88,0.85,0.91,0.04,4.76191,22.0,1673,1.5839864550781246,False,REGULAR,USD,2027-12-17
LCID271217P00002500,2025-08-28 13:59:28+00:00,2.5,1.2,1.15,1.27,0.0,0.0,10.0,1305,1.6005879345703122,False,REGULAR,USD,2027-12-17
LCID271217P00003000,2025-08-28 13:30:12+00:00,3.0,1.54,1.4,1.65,0.0,0.0,1.0,697,1.5937520312499998,False,REGULAR,USD,2027-12-17
LCID271217P00003500,2025-08-28 18:46:44+00:00,3.5,1.94,1.15,2.39,0.0,0.0,5.0,498,1.5449241503906248,False,REGULAR,USD,2027-12-17
LCID271217P00004000,2025-08-27 19:03:17+00:00,4.0,2.35,1.97,2.81,0.0,0.0,10.0,39,1.6826187744140624,False,REGULAR,USD,2027-12-17
LCID271217P00004500,2025-08-19 19:49:13+00:00,4.5,2.74,1.65,2.9,0.0,0.0,3.0,18,1.46875265625,False,REGULAR,USD,2027-12-17
LCID271217P00005000,2025-09-09 15:11:25+00:00,5.0,1.5,0.24,1.64,0.0,0.0,2.0,2114,0.8916026464843749,False,REGULAR,USD,2027-12-17
LCID271217P00005500,2025-08-28 13:30:00+00:00,5.5,3.6,2.53,3.8,0.0,0.0,1.0,3,1.541017919921875,False,REGULAR,USD,2027-12-17
LCID271217P00007000,2025-08-29 15:34:29+00:00,7.0,5.1,5.1,5.2,0.0499997,0.990093,1.0,109,1.8417976660156248,False,REGULAR,USD,2027-12-17
LCID271217P00010000,2025-09-11 13:41:13+00:00,10.0,3.65,1.95,3.8,0.0,0.0,5.0,39,0.8122577368164061,False,REGULAR,USD,2027-12-17
LCID271217P00013000,2025-09-11 16:56:45+00:00,13.0,5.0,4.7,5.35,0.0,0.0,20.0,26,0.8703626245117188,False,REGULAR,USD,2027-12-17
LCID271217P00015000,2025-09-09 17:14:56+00:00,15.0,6.1,5.7,6.5,0.0,0.0,1.0,13,0.8405777661132812,False,REGULAR,USD,2027-12-17
LCID271217P00017000,2025-09-09 19:27:28+00:00,17.0,7.54,7.35,7.75,0.0,0.0,8.0,17,0.8493667407226562,False,REGULAR,USD,2027-12-17
LCID271217P00020000,2025-09-10 13:30:23+00:00,20.0,9.5,8.8,9.75,0.0,0.0,3.0,26,0.8023701403808592,True,REGULAR,USD,2027-12-17
LCID271217P00022000,2025-09-04 18:51:11+00:00,22.0,12.35,10.0,11.2,0.0,0.0,,12,0.7854025366210937,True,REGULAR,USD,2027-12-17
LCID271217P00025000,2025-09-08 19:16:28+00:00,25.0,13.5,12.15,13.3,0.0,0.0,50.0,50,0.7668480346679689,True,REGULAR,USD,2027-12-17
LCID271217P00027000,2025-09-04 17:09:20+00:00,27.0,16.25,13.75,14.85,0.0,0.0,,17,0.7648949291992189,True,REGULAR,USD,2027-12-17
LCID271217P00030000,2025-09-04 17:09:35+00:00,30.0,18.85,15.7,17.2,0.0,0.0,,22,0.7377955908203124,True,REGULAR,USD,2027-12-17
LCID271217P00032000,2025-09-04 17:10:29+00:00,32.0,20.45,17.1,18.9,0.0,0.0,,6,0.7270535107421875,True,REGULAR,USD,2027-12-17
LCID271217P00035000,2025-09-04 17:10:13+00:00,35.0,23.05,20.1,21.3,0.0,0.0,,3,0.7392604199218749,True,REGULAR,USD,2027-12-17
LCID271217P00037000,2025-09-09 13:30:01+00:00,37.0,23.2,21.15,23.15,0.0,0.0,1.0,7,0.7144803942871094,True,REGULAR,USD,2027-12-17
